Longitud del vector: 21 y 3332 coeficientes
1	-0.101522
2	-0.003896
3	0.056298
4	0.002875
5	-0.037246
6	0.001293
7	0.043742
8	0.032261
9	0.001126
10	-0.007033
11	55.685261
12	275.551422
13	531.842529
14	428.846283
15	86.248604
16	287.339233
17	864.248230
18	402.170349
19	-704.732788
20	757.548950
21	6043.498535
22	11380.242188
23	12875.896484
24	11651.055664
25	11032.735352
26	11610.750977
27	11962.069336
28	11763.535156
29	11734.330078
30	12044.717773
31	12314.065430
32	12309.061523
33	12249.186523
34	12216.495117
35	12245.920898
36	12244.859375
37	12124.456055
38	11946.525391
39	11857.511719
40	11894.671875
41	11954.943359
42	11947.763672
43	11874.318359
44	11788.992188
45	11738.032227
46	11719.882812
47	11672.232422
48	11574.493164
49	11517.584961
50	11578.756836
51	11692.263672
52	11749.415039
53	11752.566406
54	11780.883789
55	11873.997070
56	11990.082031
57	12035.289062
58	11971.893555
59	11908.739258
60	11959.619141
61	12048.143555
62	12007.476562
63	11846.354492
64	11736.119141
65	11759.471680
66	11828.251953
67	11882.518555
68	11964.254883
69	12097.935547
70	12242.842773
71	12382.295898
72	12544.530273
73	12702.284180
74	12784.756836
75	12777.291992
76	12724.387695
77	12655.503906
78	12599.735352
79	12578.856445
80	12586.773438
81	12599.471680
82	12607.118164
83	12619.847656
84	12633.773438
85	12621.323242
86	12560.662109
87	12459.217773
88	12355.783203
89	12293.446289
90	12293.946289
91	12352.027344
92	12439.417969
93	12523.049805
94	12583.333984
95	12614.093750
96	12615.955078
97	12602.940430
98	12589.931641
99	12568.880859
100	12524.640625
101	12490.080078
102	12515.083008
103	12585.946289
104	12637.362305
105	12642.371094
106	12632.330078
107	12625.191406
108	12605.565430
109	12569.876953
110	12542.636719
111	12544.589844
112	12551.428711
113	12514.019531
114	12430.466797
115	12365.551758
116	12366.482422
117	12410.487305
118	12455.934570
119	12495.434570
120	12523.145508
121	12519.135742
122	12489.822266
123	12469.313477
124	12462.795898
125	12433.431641
126	12360.080078
127	12267.167969
128	12190.935547
129	12138.197266
130	12097.519531
131	12069.635742
132	12059.711914
133	12045.960938
134	12002.182617
135	11930.903320
136	11864.855469
137	11828.594727
138	11821.743164
139	11833.184570
140	11837.392578
141	11804.805664
142	11742.417969
143	11684.775391
144	11622.181641
145	11512.358398
146	11387.510742
147	11339.447266
148	11382.625000
149	11427.822266
150	11425.059570
151	11422.910156
152	11467.663086
153	11531.204102
154	11569.826172
155	11576.102539
156	11565.705078
157	11558.426758
158	11560.679688
159	11562.129883
160	11541.708984
161	11492.520508
162	11430.005859
163	11390.301758
164	11392.137695
165	11408.939453
166	11406.256836
167	11384.460938
168	11357.531250
169	11318.036133
170	11256.945312
171	11197.771484
172	11161.561523
173	11142.824219
174	11139.326172
175	11151.930664
176	11161.674805
177	11150.979492
178	11134.421875
179	11128.012695
180	11134.399414
181	11167.713867
182	11229.446289
183	11271.382812
184	11252.979492
185	11213.283203
186	11220.476562
187	11267.858398
188	11286.315430
189	11243.878906
190	11186.701172
191	11164.476562
192	11154.004883
193	11104.151367
194	11042.350586
195	11043.689453
196	11101.980469
197	11134.915039
198	11107.709961
199	11068.180664
200	11055.027344
201	11058.155273
202	11055.474609
203	11047.358398
204	11052.385742
205	11076.000000
206	11079.458008
207	11027.907227
208	10973.022461
209	11005.067383
210	11106.638672
211	11155.423828
212	11088.673828
213	10991.912109
214	10993.574219
215	11111.901367
216	11231.063477
217	11250.642578
218	11224.048828
219	11273.521484
220	11394.041992
221	11451.894531
222	11396.573242
223	11347.621094
224	11403.922852
225	11504.030273
226	11532.827148
227	11483.176758
228	11425.915039
229	11396.842773
230	11379.570312
231	11350.341797
232	11290.686523
233	11209.568359
234	11155.157227
235	11159.920898
236	11186.419922
237	11175.160156
238	11120.666016
239	11070.048828
240	11059.973633
241	11079.440430
242	11089.149414
243	11074.755859
244	11044.588867
245	10996.008789
246	10917.941406
247	10826.229492
248	10743.581055
249	10666.399414
250	10586.920898
251	10530.055664
252	10522.690430
253	10561.455078
254	10629.730469
255	10710.071289
256	10761.697266
257	10744.342773
258	10684.621094
259	10661.436523
260	10703.551758
261	10758.513672
262	10785.359375
263	10802.883789
264	10820.807617
265	10801.334961
266	10727.534180
267	10659.095703
268	10662.231445
269	10709.782227
270	10723.682617
271	10697.247070
272	10689.414062
273	10712.630859
274	10713.020508
275	10668.074219
276	10618.160156
277	10598.794922
278	10605.578125
279	10615.204102
280	10609.915039
281	10586.666992
282	10557.636719
283	10536.710938
284	10526.782227
285	10513.954102
286	10469.103516
287	10384.494141
288	10315.298828
289	10324.690430
290	10385.116211
291	10414.643555
292	10401.111328
293	10387.053711
294	10364.543945
295	10296.021484
296	10221.695312
297	10223.471680
298	10289.913086
299	10325.642578
300	10295.704102
301	10259.077148
302	10243.013672
303	10215.467773
304	10173.974609
305	10157.136719
306	10160.152344
307	10137.267578
308	10092.407227
309	10068.304688
310	10063.163086
311	10050.391602
312	10049.660156
313	10080.401367
314	10100.045898
315	10064.682617
316	10003.795898
317	9968.367188
318	9956.029297
319	9940.416992
320	9920.404297
321	9917.422852
322	9941.986328
323	9962.803711
324	9928.254883
325	9838.546875
326	9768.998047
327	9762.571289
328	9764.817383
329	9722.772461
330	9689.416992
331	9726.998047
332	9792.491211
333	9804.211914
334	9763.584961
335	9723.149414
336	9682.643555
337	9608.645508
338	9530.069336
339	9520.555664
340	9589.174805
341	9653.534180
342	9650.690430
343	9610.900391
344	9582.572266
345	9563.244141
346	9564.085938
347	9645.053711
348	9800.713867
349	9910.967773
350	9903.184570
351	9860.581055
352	9886.716797
353	9947.871094
354	9945.425781
355	9869.363281
356	9799.261719
357	9787.029297
358	9811.736328
359	9838.859375
360	9857.454102
361	9860.449219
362	9844.875000
363	9828.630859
364	9823.803711
365	9812.002930
366	9786.732422
367	9784.566406
368	9828.164062
369	9877.730469
370	9883.796875
371	9870.262695
372	9905.109375
373	10000.527344
374	10084.920898
375	10091.814453
376	10039.287109
377	9998.710938
378	9997.185547
379	10003.662109
380	9989.565430
381	9949.727539
382	9905.727539
383	9903.417969
384	9975.568359
385	10079.946289
386	10139.078125
387	10145.083984
388	10152.878906
389	10171.738281
390	10145.361328
391	10061.266602
392	9996.419922
393	10002.232422
394	10026.861328
395	9994.005859
396	9915.694336
397	9857.445312
398	9832.126953
399	9796.992188
400	9736.457031
401	9677.394531
402	9635.333008
403	9591.986328
404	9544.384766
405	9522.377930
406	9547.584961
407	9600.112305
408	9639.015625
409	9642.702148
410	9610.108398
411	9554.632812
412	9507.409180
413	9501.303711
414	9528.997070
415	9556.811523
416	9577.021484
417	9607.757812
418	9641.022461
419	9648.937500
420	9628.623047
421	9605.116211
422	9594.482422
423	9589.300781
424	9565.350586
425	9510.754883
426	9447.435547
427	9409.366211
428	9402.652344
429	9411.349609
430	9420.648438
431	9415.723633
432	9382.539062
433	9333.009766
434	9306.314453
435	9319.362305
436	9335.427734
437	9307.465820
438	9246.550781
439	9214.734375
440	9240.719727
441	9269.811523
442	9234.629883
443	9150.298828
444	9101.153320
445	9128.230469
446	9168.109375
447	9134.620117
448	9046.730469
449	9002.606445
450	9032.306641
451	9064.748047
452	9053.063477
453	9037.644531
454	9054.576172
455	9077.238281
456	9069.367188
457	9032.831055
458	8993.938477
459	8971.178711
460	8942.238281
461	8869.242188
462	8773.838867
463	8740.536133
464	8792.209961
465	8847.945312
466	8845.614258
467	8813.058594
468	8788.125000
469	8766.349609
470	8746.874023
471	8749.983398
472	8778.618164
473	8804.097656
474	8807.219727
475	8803.080078
476	8810.431641
477	8802.309570
478	8733.964844
479	8619.805664
480	8524.273438
481	8479.054688
482	8459.750977
483	8450.736328
484	8463.135742
485	8495.811523
486	8529.742188
487	8553.124023
488	8559.928711
489	8549.715820
490	8542.888672
491	8557.404297
492	8572.354492
493	8554.200195
494	8523.620117
495	8530.423828
496	8570.120117
497	8589.513672
498	8559.402344
499	8493.315430
500	8419.688477
501	8367.015625
502	8349.099609
503	8342.973633
504	8317.718750
505	8281.967773
506	8260.162109
507	8243.539062
508	8217.314453
509	8197.664062
510	8187.454102
511	8153.410156
512	8095.060059
513	8064.413574
514	8079.878906
515	8096.002930
516	8096.353516
517	8127.798340
518	8209.704102
519	8291.865234
520	8332.257812
521	8346.580078
522	8356.118164
523	8354.083008
524	8326.789062
525	8279.851562
526	8243.634766
527	8265.944336
528	8355.723633
529	8452.013672
530	8489.676758
531	8472.145508
532	8453.299805
533	8463.183594
534	8493.663086
535	8520.426758
536	8531.032227
537	8536.332031
538	8544.175781
539	8544.878906
540	8529.783203
541	8516.374023
542	8520.358398
543	8536.855469
544	8559.485352
545	8589.925781
546	8622.721680
547	8639.914062
548	8628.968750
549	8597.434570
550	8569.783203
551	8567.993164
552	8588.506836
553	8598.616211
554	8565.907227
555	8505.757812
556	8473.288086
557	8497.166992
558	8542.782227
559	8567.991211
560	8577.010742
561	8574.496094
562	8532.019531
563	8443.114258
564	8359.469727
565	8338.171875
566	8375.615234
567	8421.154297
568	8434.614258
569	8414.686523
570	8372.687500
571	8321.892578
572	8295.741211
573	8316.031250
574	8331.939453
575	8275.506836
576	8189.826172
577	8188.927246
578	8284.225586
579	8357.086914
580	8343.075195
581	8324.798828
582	8402.370117
583	8553.085938
584	8666.452148
585	8683.987305
586	8642.629883
587	8604.322266
588	8610.445312
589	8677.220703
590	8780.611328
591	8852.292969
592	8845.597656
593	8791.231445
594	8770.840820
595	8812.255859
596	8859.229492
597	8847.752930
598	8807.867188
599	8821.615234
600	8886.996094
601	8901.664062
602	8826.916992
603	8756.334961
604	8758.922852
605	8759.798828
606	8669.685547
607	8538.559570
608	8474.665039
609	8486.486328
610	8484.762695
611	8417.606445
612	8319.932617
613	8247.667969
614	8230.511719
615	8278.751953
616	8362.214844
617	8393.040039
618	8322.886719
619	8255.702148
620	8334.503906
621	8533.953125
622	8699.658203
623	8770.736328
624	8804.981445
625	8831.617188
626	8822.550781
627	8796.179688
628	8794.527344
629	8801.028320
630	8763.138672
631	8690.595703
632	8646.363281
633	8651.871094
634	8687.596680
635	8733.956055
636	8778.116211
637	8791.254883
638	8760.191406
639	8715.311523
640	8695.790039
641	8696.962891
642	8694.248047
643	8678.869141
644	8641.589844
645	8561.564453
646	8461.939453
647	8407.049805
648	8412.038086
649	8421.876953
650	8424.599609
651	8466.512695
652	8535.206055
653	8559.835938
654	8540.240234
655	8543.338867
656	8568.709961
657	8554.556641
658	8500.628906
659	8462.232422
660	8454.885742
661	8449.434570
662	8434.879883
663	8421.254883
664	8409.083984
665	8395.333008
666	8389.279297
667	8393.253906
668	8383.561523
669	8339.101562
670	8272.191406
671	8211.370117
672	8162.571777
673	8118.113770
674	8079.067871
675	8043.003906
676	7999.686523
677	7953.849121
678	7923.023438
679	7903.200684
680	7875.416504
681	7840.737793
682	7815.128418
683	7803.825195
684	7799.393066
685	7802.132812
686	7809.366211
687	7796.206055
688	7744.134766
689	7684.216797
690	7666.377930
691	7683.188477
692	7676.454590
693	7625.162598
694	7571.722168
695	7545.446289
696	7542.494629
697	7573.299316
698	7644.258301
699	7702.101562
700	7686.596680
701	7635.515625
702	7628.849121
703	7661.270508
704	7664.348633
705	7630.303711
706	7613.392578
707	7621.669922
708	7604.660645
709	7546.699707
710	7491.727539
711	7456.910645
712	7407.480957
713	7331.782715
714	7286.001953
715	7315.471191
716	7380.687012
717	7414.127441
718	7412.752441
719	7421.091309
720	7446.897949
721	7459.291992
722	7447.870117
723	7431.991211
724	7409.833008
725	7366.678223
726	7324.800781
727	7315.870605
728	7314.736328
729	7267.734863
730	7185.527344
731	7134.084961
732	7148.124023
733	7208.018066
734	7277.322266
735	7322.225098
736	7338.895020
737	7369.309570
738	7454.995605
739	7560.386719
740	7604.940430
741	7564.451660
742	7496.335449
743	7459.028809
744	7471.415039
745	7527.642090
746	7604.812500
747	7661.728516
748	7681.697754
749	7689.350586
750	7698.151855
751	7678.098145
752	7619.860840
753	7572.224121
754	7565.502930
755	7568.745605
756	7561.492676
757	7570.287598
758	7604.942383
759	7627.563477
760	7621.221191
761	7612.904297
762	7602.082520
763	7554.236816
764	7480.291016
765	7427.022949
766	7399.105957
767	7365.057617
768	7334.287598
769	7337.048828
770	7360.579102
771	7380.166016
772	7404.843262
773	7434.528809
774	7431.746582
775	7388.833008
776	7355.362793
777	7362.593262
778	7369.547852
779	7329.926270
780	7268.987793
781	7251.521484
782	7286.059570
783	7319.916992
784	7341.685059
785	7389.791016
786	7438.441895
787	7406.508789
788	7317.316895
789	7289.933105
790	7343.620117
791	7361.141602
792	7295.416992
793	7223.331055
794	7195.707520
795	7195.003906
796	7231.131348
797	7316.635742
798	7378.950195
799	7351.582520
800	7298.832520
801	7317.227539
802	7378.418457
803	7400.541992
804	7384.445312
805	7374.667969
806	7363.381836
807	7322.185059
808	7261.344727
809	7197.810059
810	7136.977051
811	7093.566895
812	7070.812012
813	7047.751465
814	7016.600098
815	6987.186035
816	6964.755371
817	6939.516602
818	6907.660156
819	6859.758301
820	6795.291504
821	6745.516602
822	6730.840820
823	6710.264160
824	6650.717773
825	6612.520508
826	6675.065430
827	6786.129395
828	6823.196289
829	6778.129395
830	6754.594727
831	6775.421387
832	6760.886719
833	6718.479980
834	6756.253906
835	6870.982910
836	6920.533203
837	6867.974609
838	6841.510742
839	6909.162109
840	6965.126953
841	6933.224121
842	6892.837891
843	6922.784668
844	6970.168457
845	6960.032227
846	6920.007812
847	6902.708496
848	6886.886719
849	6840.027832
850	6795.854004
851	6797.649414
852	6819.140625
853	6804.773438
854	6752.722168
855	6684.165039
856	6578.425781
857	6422.097168
858	6291.178711
859	6289.490234
860	6392.633301
861	6466.923828
862	6454.429199
863	6438.360352
864	6480.389648
865	6523.906738
866	6508.952148
867	6474.206543
868	6444.827148
869	6344.605469
870	6134.762695
871	5926.586426
872	5850.260254
873	5913.149902
874	6032.645996
875	6133.240234
876	6191.141602
877	6232.498535
878	6301.810059
879	6354.563965
880	6295.981934
881	6159.708984
882	6115.953125
883	6223.364258
884	6340.974121
885	6359.718750
886	6368.600586
887	6449.048340
888	6493.627441
889	6388.045410
890	6232.645508
891	6186.119141
892	6217.746094
893	6205.163086
894	6168.284668
895	6206.732910
896	6294.106934
897	6327.591797
898	6315.010254
899	6335.493652
900	6370.737305
901	6347.058594
902	6301.638184
903	6355.913086
904	6517.488770
905	6650.079102
906	6673.421387
907	6659.480469
908	6705.667480
909	6805.437988
910	6899.138184
911	6947.841797
912	6949.561523
913	6915.241211
914	6864.560547
915	6809.651855
916	6760.679688
917	6730.556152
918	6702.250977
919	6624.166992
920	6507.549805
921	6464.270508
922	6537.035645
923	6600.084961
924	6570.750000
925	6549.273438
926	6609.901855
927	6652.319824
928	6610.040527
929	6590.937012
930	6661.635254
931	6725.583008
932	6715.868652
933	6722.952637
934	6818.988281
935	6942.813965
936	7027.483887
937	7081.259766
938	7101.520508
939	7048.041992
940	6949.893066
941	6908.645996
942	6925.650879
943	6884.937988
944	6759.121582
945	6671.236328
946	6685.560547
947	6707.136719
948	6652.795410
949	6565.657227
950	6510.363770
951	6473.942383
952	6435.794922
953	6451.889160
954	6570.567383
955	6724.792480
956	6761.515625
957	6620.521973
958	6429.079102
959	6365.913574
960	6442.189453
961	6491.232910
962	6414.208008
963	6307.501953
964	6299.607422
965	6365.564453
966	6399.144531
967	6362.581543
968	6290.785156
969	6206.172363
970	6104.829590
971	5982.250977
972	5859.970215
973	5774.020996
974	5743.540039
975	5761.079102
976	5831.016602
977	5918.919922
978	5919.497559
979	5810.859375
980	5761.158691
981	5885.288086
982	6001.675293
983	5920.688965
984	5776.961426
985	5813.197266
986	5998.682129
987	6150.197754
988	6240.366699
989	6330.616211
990	6407.662598
991	6471.076660
992	6587.311523
993	6718.485352
994	6733.233887
995	6633.879883
996	6549.841797
997	6518.440430
998	6499.546387
999	6526.001465
1000	6629.661133
1001	6735.428223
1002	6785.022461
1003	6832.643066
1004	6915.018555
1005	6985.015625
1006	6999.540039
1007	6971.341797
1008	6934.576172
1009	6913.256348
1010	6890.449219
1011	6792.938965
1012	6624.420898
1013	6527.465332
1014	6603.756348
1015	6748.423828
1016	6774.881348
1017	6642.788574
1018	6486.360840
1019	6423.787598
1020	6433.884766
1021	6455.661133
1022	6524.937988
1023	6693.677246
1024	6868.013672
1025	6880.163574
1026	6712.888184
1027	6525.170410
1028	6452.699219
1029	6536.633301
1030	6768.306641
1031	7013.844727
1032	7069.905762
1033	6928.023926
1034	6835.376465
1035	6927.197266
1036	7068.323242
1037	7150.409668
1038	7283.685547
1039	7483.325195
1040	7524.858398
1041	7288.055176
1042	7023.750977
1043	7030.456055
1044	7231.931641
1045	7327.913574
1046	7230.916016
1047	7116.929199
1048	7107.924316
1049	7163.208496
1050	7236.464844
1051	7369.988281
1052	7577.602051
1053	7748.983398
1054	7764.077148
1055	7667.923340
1056	7643.425781
1057	7768.373535
1058	7914.789062
1059	7959.602539
1060	7945.443848
1061	7959.562012
1062	8019.679688
1063	8117.062500
1064	8248.583984
1065	8358.086914
1066	8383.573242
1067	8362.393555
1068	8383.107422
1069	8436.685547
1070	8441.624023
1071	8380.362305
1072	8335.161133
1073	8369.299805
1074	8446.536133
1075	8508.248047
1076	8563.775391
1077	8621.449219
1078	8614.061523
1079	8512.919922
1080	8427.196289
1081	8457.592773
1082	8523.882812
1083	8501.620117
1084	8429.054688
1085	8432.641602
1086	8525.138672
1087	8613.310547
1088	8638.236328
1089	8630.005859
1090	8649.315430
1091	8723.083008
1092	8813.756836
1093	8859.416992
1094	8852.274414
1095	8851.301758
1096	8881.882812
1097	8861.986328
1098	8720.863281
1099	8546.390625
1100	8481.955078
1101	8519.863281
1102	8540.255859
1103	8527.075195
1104	8560.914062
1105	8646.872070
1106	8712.763672
1107	8730.885742
1108	8717.156250
1109	8670.839844
1110	8619.887695
1111	8635.841797
1112	8726.466797
1113	8822.029297
1114	8879.816406
1115	8913.246094
1116	8919.568359
1117	8868.380859
1118	8772.546875
1119	8691.433594
1120	8683.090820
1121	8750.058594
1122	8828.144531
1123	8847.889648
1124	8822.503906
1125	8810.439453
1126	8812.074219
1127	8777.926758
1128	8697.011719
1129	8588.176758
1130	8445.123047
1131	8285.761719
1132	8187.194336
1133	8180.660156
1134	8195.368164
1135	8190.044922
1136	8234.478516
1137	8367.041992
1138	8473.143555
1139	8426.713867
1140	8296.345703
1141	8256.343750
1142	8318.009766
1143	8328.228516
1144	8245.447266
1145	8239.762695
1146	8405.016602
1147	8575.664062
1148	8583.122070
1149	8516.453125
1150	8551.716797
1151	8668.549805
1152	8727.647461
1153	8686.831055
1154	8598.404297
1155	8511.645508
1156	8458.782227
1157	8453.425781
1158	8452.361328
1159	8413.802734
1160	8361.934570
1161	8348.411133
1162	8386.042969
1163	8449.401367
1164	8506.324219
1165	8565.609375
1166	8679.709961
1167	8849.732422
1168	8963.167969
1169	8953.456055
1170	8907.807617
1171	8893.845703
1172	8844.410156
1173	8749.166992
1174	8765.317383
1175	8920.121094
1176	8997.795898
1177	8896.402344
1178	8816.121094
1179	8911.271484
1180	9053.573242
1181	9119.658203
1182	9176.268555
1183	9233.695312
1184	9162.318359
1185	8963.000977
1186	8810.327148
1187	8785.531250
1188	8824.670898
1189	8895.826172
1190	9001.958008
1191	9060.794922
1192	9011.533203
1193	8954.822266
1194	9001.609375
1195	9082.783203
1196	9083.168945
1197	9029.263672
1198	8970.847656
1199	8858.055664
1200	8705.205078
1201	8651.566406
1202	8726.811523
1203	8754.445312
1204	8613.273438
1205	8404.401367
1206	8276.932617
1207	8232.804688
1208	8193.283203
1209	8156.791016
1210	8178.166016
1211	8271.925781
1212	8402.543945
1213	8508.336914
1214	8480.809570
1215	8287.299805
1216	8119.109863
1217	8166.558594
1218	8289.899414
1219	8228.941406
1220	8040.527344
1221	7966.436035
1222	7982.037598
1223	7869.551758
1224	7662.452637
1225	7608.136230
1226	7724.097168
1227	7791.616699
1228	7733.415527
1229	7681.395996
1230	7685.980957
1231	7662.981445
1232	7591.849609
1233	7499.146973
1234	7339.593750
1235	7130.113281
1236	7067.419922
1237	7254.068848
1238	7486.791016
1239	7529.958496
1240	7473.438965
1241	7552.746582
1242	7790.055176
1243	8008.149902
1244	8134.765625
1245	8272.058594
1246	8476.721680
1247	8647.480469
1248	8700.755859
1249	8692.930664
1250	8718.910156
1251	8788.918945
1252	8866.772461
1253	8945.400391
1254	8991.161133
1255	8960.868164
1256	8860.150391
1257	8747.191406
1258	8671.724609
1259	8677.593750
1260	8780.410156
1261	8898.604492
1262	8893.624023
1263	8777.703125
1264	8724.248047
1265	8837.131836
1266	9012.291992
1267	9102.648438
1268	9098.546875
1269	9075.895508
1270	9065.987305
1271	9034.429688
1272	8945.281250
1273	8809.102539
1274	8692.571289
1275	8676.821289
1276	8769.207031
1277	8872.690430
1278	8885.912109
1279	8820.194336
1280	8779.469727
1281	8820.880859
1282	8865.384766
1283	8813.870117
1284	8720.064453
1285	8731.160156
1286	8867.095703
1287	8993.169922
1288	9053.831055
1289	9143.802734
1290	9323.054688
1291	9504.763672
1292	9568.722656
1293	9502.969727
1294	9387.207031
1295	9322.080078
1296	9344.413086
1297	9409.219727
1298	9462.453125
1299	9501.087891
1300	9527.404297
1301	9540.085938
1302	9595.262695
1303	9757.354492
1304	9951.641602
1305	10041.596680
1306	10047.798828
1307	10080.666016
1308	10129.260742
1309	10121.617188
1310	10093.958008
1311	10111.437500
1312	10124.220703
1313	10071.499023
1314	10010.270508
1315	10016.078125
1316	10054.275391
1317	10069.440430
1318	10080.469727
1319	10123.921875
1320	10176.951172
1321	10209.877930
1322	10234.878906
1323	10258.925781
1324	10254.620117
1325	10211.608398
1326	10174.915039
1327	10188.600586
1328	10242.690430
1329	10283.713867
1330	10278.015625
1331	10241.487305
1332	10186.316406
1333	10117.039062
1334	10087.494141
1335	10156.371094
1336	10261.565430
1337	10272.164062
1338	10168.791992
1339	10029.571289
1340	9909.584961
1341	9870.783203
1342	9999.104492
1343	10231.609375
1344	10338.775391
1345	10248.781250
1346	10152.585938
1347	10168.078125
1348	10173.291016
1349	10077.971680
1350	9962.358398
1351	9863.319336
1352	9742.523438
1353	9668.186523
1354	9741.660156
1355	9851.653320
1356	9834.296875
1357	9767.665039
1358	9785.958984
1359	9745.116211
1360	9482.085938
1361	9213.298828
1362	9271.182617
1363	9589.154297
1364	9828.063477
1365	9881.048828
1366	9907.571289
1367	9979.365234
1368	10029.893555
1369	10054.332031
1370	10134.692383
1371	10289.160156
1372	10436.993164
1373	10474.067383
1374	10366.748047
1375	10189.416992
1376	10079.141602
1377	10093.260742
1378	10138.377930
1379	10096.017578
1380	9994.926758
1381	9962.036133
1382	10062.914062
1383	10237.114258
1384	10376.250977
1385	10410.717773
1386	10376.055664
1387	10394.945312
1388	10516.530273
1389	10628.250977
1390	10620.944336
1391	10556.052734
1392	10530.869141
1393	10509.495117
1394	10448.494141
1395	10445.765625
1396	10575.987305
1397	10705.647461
1398	10685.957031
1399	10585.825195
1400	10582.458008
1401	10687.042969
1402	10749.620117
1403	10688.365234
1404	10591.639648
1405	10584.581055
1406	10628.641602
1407	10583.669922
1408	10454.883789
1409	10390.757812
1410	10418.704102
1411	10385.794922
1412	10233.205078
1413	10109.681641
1414	10138.260742
1415	10222.165039
1416	10172.899414
1417	9952.519531
1418	9716.161133
1419	9625.591797
1420	9669.669922
1421	9700.656250
1422	9621.973633
1423	9517.288086
1424	9521.480469
1425	9609.421875
1426	9660.615234
1427	9699.441406
1428	9865.742188
1429	10139.613281
1430	10336.905273
1431	10347.388672
1432	10205.179688
1433	9990.375977
1434	9809.205078
1435	9763.992188
1436	9830.598633
1437	9911.473633
1438	9992.566406
1439	10102.955078
1440	10149.722656
1441	10051.362305
1442	9937.500000
1443	9972.537109
1444	10121.218750
1445	10313.599609
1446	10576.305664
1447	10844.114258
1448	10883.257812
1449	10672.334961
1450	10524.131836
1451	10675.445312
1452	10978.396484
1453	11167.173828
1454	11196.633789
1455	11171.220703
1456	11128.295898
1457	11050.806641
1458	10957.082031
1459	10913.108398
1460	10967.480469
1461	11084.806641
1462	11175.623047
1463	11175.439453
1464	11086.308594
1465	10960.889648
1466	10881.062500
1467	10898.158203
1468	10978.486328
1469	11067.158203
1470	11183.904297
1471	11360.865234
1472	11547.634766
1473	11686.000977
1474	11783.977539
1475	11851.157227
1476	11866.809570
1477	11818.706055
1478	11726.783203
1479	11633.813477
1480	11593.848633
1481	11645.812500
1482	11734.095703
1483	11731.959961
1484	11606.842773
1485	11508.073242
1486	11588.158203
1487	11817.285156
1488	12024.725586
1489	12082.799805
1490	12013.252930
1491	11920.404297
1492	11866.717773
1493	11849.616211
1494	11848.561523
1495	11855.675781
1496	11880.072266
1497	11906.210938
1498	11859.580078
1499	11700.357422
1500	11537.138672
1501	11505.384766
1502	11555.144531
1503	11528.584961
1504	11423.368164
1505	11403.258789
1506	11528.015625
1507	11664.184570
1508	11721.934570
1509	11771.591797
1510	11862.996094
1511	11915.666016
1512	11869.732422
1513	11780.870117
1514	11719.576172
1515	11672.304688
1516	11581.971680
1517	11426.153320
1518	11260.725586
1519	11185.665039
1520	11212.105469
1521	11233.153320
1522	11197.905273
1523	11198.361328
1524	11293.852539
1525	11380.296875
1526	11383.419922
1527	11397.948242
1528	11500.962891
1529	11581.940430
1530	11536.125977
1531	11463.060547
1532	11502.653320
1533	11589.731445
1534	11580.335938
1535	11496.527344
1536	11471.498047
1537	11511.521484
1538	11502.667969
1539	11428.274414
1540	11396.340820
1541	11432.541016
1542	11408.075195
1543	11261.229492
1544	11120.470703
1545	11107.935547
1546	11169.590820
1547	11194.167969
1548	11161.047852
1549	11112.396484
1550	11082.897461
1551	11095.437500
1552	11176.323242
1553	11321.979492
1554	11462.652344
1555	11509.019531
1556	11461.428711
1557	11434.949219
1558	11468.581055
1559	11451.902344
1560	11351.383789
1561	11341.266602
1562	11522.739258
1563	11704.860352
1564	11661.941406
1565	11455.229492
1566	11288.428711
1567	11220.180664
1568	11185.638672
1569	11145.111328
1570	11086.070312
1571	11006.956055
1572	10979.626953
1573	11105.147461
1574	11360.744141
1575	11599.856445
1576	11726.359375
1577	11771.936523
1578	11765.083984
1579	11676.888672
1580	11566.838867
1581	11606.632812
1582	11829.780273
1583	12072.383789
1584	12229.574219
1585	12355.150391
1586	12426.215820
1587	12317.369141
1588	12095.699219
1589	11997.801758
1590	12095.851562
1591	12195.644531
1592	12122.398438
1593	11946.392578
1594	11882.230469
1595	12025.362305
1596	12214.290039
1597	12259.866211
1598	12244.494141
1599	12349.697266
1600	12485.479492
1601	12413.805664
1602	12193.615234
1603	12139.330078
1604	12327.221680
1605	12527.191406
1606	12605.621094
1607	12676.949219
1608	12826.603516
1609	12946.093750
1610	12924.827148
1611	12831.839844
1612	12827.384766
1613	12957.598633
1614	13090.055664
1615	13096.327148
1616	13028.120117
1617	13033.814453
1618	13121.892578
1619	13188.179688
1620	13206.885742
1621	13247.232422
1622	13331.059570
1623	13412.670898
1624	13474.281250
1625	13508.730469
1626	13473.564453
1627	13360.869141
1628	13260.579102
1629	13265.684570
1630	13327.810547
1631	13279.401367
1632	13069.569336
1633	12874.569336
1634	12893.190430
1635	13048.056641
1636	13083.855469
1637	12958.920898
1638	12906.747070
1639	13023.842773
1640	13103.019531
1641	12968.239258
1642	12715.760742
1643	12492.661133
1644	12345.213867
1645	12275.794922
1646	12235.501953
1647	12075.228516
1648	11767.004883
1649	11552.168945
1650	11622.333984
1651	11805.881836
1652	11806.199219
1653	11632.800781
1654	11542.784180
1655	11624.490234
1656	11711.634766
1657	11712.041016
1658	11746.541992
1659	11876.183594
1660	11918.106445
1661	11732.255859
1662	11530.868164
1663	11594.011719
1664	11796.442383
1665	11798.862305
1666	11641.058594
1667	11701.314453
1668	12057.679688
1669	12338.511719
1670	12309.253906
1671	12191.651367
1672	12226.672852
1673	12319.944336
1674	12309.474609
1675	12263.068359
1676	12285.441406
1677	12293.151367
1678	12194.800781
1679	12085.984375
1680	12071.896484
1681	12109.744141
1682	12142.869141
1683	12180.019531
1684	12188.916016
1685	12099.687500
1686	11931.163086
1687	11765.936523
1688	11644.587891
1689	11585.049805
1690	11595.131836
1691	11597.816406
1692	11494.821289
1693	11338.014648
1694	11279.959961
1695	11342.784180
1696	11390.829102
1697	11336.194336
1698	11236.063477
1699	11174.810547
1700	11149.372070
1701	11096.068359
1702	10995.413086
1703	10910.148438
1704	10889.148438
1705	10875.119141
1706	10776.038086
1707	10614.887695
1708	10480.762695
1709	10381.324219
1710	10256.934570
1711	10113.506836
1712	10013.689453
1713	9965.355469
1714	9930.757812
1715	9917.442383
1716	9944.053711
1717	9963.898438
1718	9936.844727
1719	9916.083008
1720	9985.860352
1721	10143.395508
1722	10296.482422
1723	10352.728516
1724	10308.711914
1725	10241.304688
1726	10211.086914
1727	10182.061523
1728	10115.737305
1729	10063.713867
1730	10093.899414
1731	10180.102539
1732	10246.347656
1733	10266.636719
1734	10261.350586
1735	10243.555664
1736	10234.670898
1737	10255.708008
1738	10285.918945
1739	10281.652344
1740	10258.455078
1741	10298.671875
1742	10438.087891
1743	10585.585938
1744	10612.865234
1745	10527.888672
1746	10473.633789
1747	10505.834961
1748	10515.239258
1749	10429.333984
1750	10348.843750
1751	10392.282227
1752	10520.683594
1753	10602.554688
1754	10585.065430
1755	10517.427734
1756	10451.628906
1757	10383.236328
1758	10294.746094
1759	10204.669922
1760	10148.411133
1761	10133.177734
1762	10136.839844
1763	10110.938477
1764	10036.287109
1765	9950.072266
1766	9894.400391
1767	9847.323242
1768	9781.599609
1769	9766.163086
1770	9874.599609
1771	10017.455078
1772	10039.995117
1773	9954.005859
1774	9918.533203
1775	10009.647461
1776	10139.285156
1777	10229.173828
1778	10305.517578
1779	10412.531250
1780	10528.441406
1781	10630.250977
1782	10720.761719
1783	10764.279297
1784	10715.371094
1785	10636.922852
1786	10661.674805
1787	10803.773438
1788	10920.151367
1789	10936.551758
1790	10948.753906
1791	11041.756836
1792	11136.283203
1793	11110.574219
1794	10984.749023
1795	10880.898438
1796	10864.342773
1797	10890.675781
1798	10906.478516
1799	10918.371094
1800	10954.647461
1801	11004.030273
1802	11018.275391
1803	10966.656250
1804	10877.087891
1805	10803.510742
1806	10770.211914
1807	10754.803711
1808	10742.839844
1809	10746.410156
1810	10776.878906
1811	10825.826172
1812	10872.818359
1813	10884.514648
1814	10832.458984
1815	10741.522461
1816	10675.561523
1817	10653.291016
1818	10636.428711
1819	10620.907227
1820	10650.586914
1821	10716.181641
1822	10766.752930
1823	10793.818359
1824	10809.610352
1825	10765.272461
1826	10645.843750
1827	10574.598633
1828	10661.119141
1829	10805.988281
1830	10841.615234
1831	10783.767578
1832	10757.817383
1833	10762.234375
1834	10711.164062
1835	10628.539062
1836	10604.590820
1837	10628.704102
1838	10622.959961
1839	10596.052734
1840	10606.245117
1841	10631.520508
1842	10602.774414
1843	10517.910156
1844	10429.357422
1845	10367.520508
1846	10331.984375
1847	10328.847656
1848	10379.788086
1849	10493.086914
1850	10621.688477
1851	10689.724609
1852	10676.726562
1853	10650.136719
1854	10663.498047
1855	10678.275391
1856	10612.425781
1857	10457.784180
1858	10306.168945
1859	10266.901367
1860	10330.377930
1861	10379.674805
1862	10352.302734
1863	10340.075195
1864	10433.892578
1865	10577.253906
1866	10666.657227
1867	10695.973633
1868	10711.629883
1869	10726.884766
1870	10739.972656
1871	10724.632812
1872	10636.432617
1873	10522.960938
1874	10490.128906
1875	10523.190430
1876	10493.566406
1877	10388.586914
1878	10337.370117
1879	10398.546875
1880	10511.140625
1881	10628.815430
1882	10731.626953
1883	10753.021484
1884	10641.163086
1885	10468.622070
1886	10357.676758
1887	10353.476562
1888	10401.194336
1889	10430.656250
1890	10411.628906
1891	10340.208008
1892	10234.308594
1893	10149.518555
1894	10164.485352
1895	10284.497070
1896	10418.803711
1897	10495.356445
1898	10534.191406
1899	10563.461914
1900	10539.718750
1901	10426.981445
1902	10273.421875
1903	10170.083008
1904	10166.055664
1905	10250.400391
1906	10388.861328
1907	10553.097656
1908	10698.088867
1909	10689.763672
1910	10395.713867
1911	9981.786133
1912	9877.103516
1913	10233.872070
1914	10689.023438
1915	10919.377930
1916	11033.482422
1917	11150.231445
1918	11083.997070
1919	10753.563477
1920	10454.178711
1921	10422.319336
1922	10489.639648
1923	10413.326172
1924	10203.075195
1925	10018.426758
1926	9939.874023
1927	9931.707031
1928	9900.864258
1929	9830.289062
1930	9825.961914
1931	9949.000000
1932	10090.516602
1933	10110.111328
1934	10017.632812
1935	9892.833984
1936	9794.655273
1937	9817.195312
1938	10037.797852
1939	10316.852539
1940	10382.062500
1941	10196.433594
1942	10013.887695
1943	10001.190430
1944	10015.361328
1945	9875.397461
1946	9652.056641
1947	9527.546875
1948	9524.452148
1949	9531.945312
1950	9493.694336
1951	9451.491211
1952	9468.708984
1953	9565.976562
1954	9676.926758
1955	9692.529297
1956	9616.685547
1957	9562.138672
1958	9532.778320
1959	9398.748047
1960	9170.735352
1961	9051.548828
1962	9102.922852
1963	9105.375977
1964	8931.996094
1965	8781.574219
1966	8858.722656
1967	9041.816406
1968	9067.146484
1969	8890.285156
1970	8694.091797
1971	8553.874023
1972	8331.269531
1973	7985.229492
1974	7759.532227
1975	7817.472168
1976	7932.589355
1977	7832.057617
1978	7668.302246
1979	7778.307617
1980	8147.113770
1981	8446.847656
1982	8492.034180
1983	8433.838867
1984	8440.492188
1985	8413.030273
1986	8183.781738
1987	7883.084961
1988	7827.556641
1989	8077.095703
1990	8377.586914
1991	8482.649414
1992	8353.866211
1993	8192.809570
1994	8298.211914
1995	8725.431641
1996	9109.238281
1997	9115.807617
1998	8906.086914
1999	8851.744141
2000	8971.528320
2001	8986.148438
2002	8824.662109
2003	8739.039062
2004	8988.041016
2005	9477.396484
2006	9829.725586
2007	9873.473633
2008	9908.811523
2009	10242.888672
2010	10665.361328
2011	10767.351562
2012	10583.755859
2013	10452.264648
2014	10455.726562
2015	10433.893555
2016	10393.511719
2017	10479.308594
2018	10662.231445
2019	10797.354492
2020	10873.020508
2021	10959.320312
2022	11054.111328
2023	11125.436523
2024	11148.928711
2025	11088.340820
2026	10979.033203
2027	10965.466797
2028	11084.668945
2029	11192.055664
2030	11215.517578
2031	11284.127930
2032	11456.389648
2033	11562.445312
2034	11485.336914
2035	11363.812500
2036	11343.840820
2037	11359.883789
2038	11313.235352
2039	11255.196289
2040	11264.885742
2041	11298.820312
2042	11276.575195
2043	11195.355469
2044	11085.031250
2045	10962.014648
2046	10853.816406
2047	10795.150391
2048	10772.072266
2049	10730.039062
2050	10639.583984
2051	10511.121094
2052	10386.919922
2053	10339.364258
2054	10398.366211
2055	10452.962891
2056	10373.420898
2057	10240.370117
2058	10256.068359
2059	10440.943359
2060	10618.940430
2061	10713.982422
2062	10785.740234
2063	10832.145508
2064	10790.862305
2065	10710.307617
2066	10668.972656
2067	10631.144531
2068	10572.513672
2069	10615.383789
2070	10805.782227
2071	10950.502930
2072	10894.394531
2073	10744.828125
2074	10655.603516
2075	10598.348633
2076	10509.335938
2077	10427.562500
2078	10390.835938
2079	10392.770508
2080	10440.502930
2081	10493.639648
2082	10461.894531
2083	10371.974609
2084	10402.788086
2085	10606.966797
2086	10775.293945
2087	10716.446289
2088	10506.840820
2089	10343.671875
2090	10301.605469
2091	10354.361328
2092	10502.956055
2093	10745.452148
2094	10984.023438
2095	11091.339844
2096	11049.361328
2097	10960.812500
2098	10934.336914
2099	10989.426758
2100	11102.326172
2101	11248.885742
2102	11342.608398
2103	11294.179688
2104	11119.853516
2105	10948.113281
2106	10855.552734
2107	10815.900391
2108	10797.725586
2109	10806.650391
2110	10822.501953
2111	10784.145508
2112	10647.151367
2113	10431.596680
2114	10212.512695
2115	10074.608398
2116	10043.730469
2117	10039.712891
2118	9963.000000
2119	9846.945312
2120	9813.979492
2121	9851.034180
2122	9793.128906
2123	9602.475586
2124	9482.807617
2125	9553.104492
2126	9634.389648
2127	9547.483398
2128	9377.265625
2129	9279.904297
2130	9229.872070
2131	9132.431641
2132	9004.949219
2133	8917.863281
2134	8872.597656
2135	8812.332031
2136	8714.126953
2137	8623.118164
2138	8590.281250
2139	8598.682617
2140	8595.107422
2141	8578.708008
2142	8584.356445
2143	8611.784180
2144	8631.294922
2145	8621.549805
2146	8570.792969
2147	8486.387695
2148	8420.424805
2149	8410.549805
2150	8405.006836
2151	8344.268555
2152	8266.137695
2153	8246.936523
2154	8278.791016
2155	8287.331055
2156	8243.785156
2157	8172.482422
2158	8098.900391
2159	8027.459961
2160	7956.721191
2161	7887.807617
2162	7848.433594
2163	7886.617676
2164	7984.575195
2165	8028.956055
2166	7944.150391
2167	7811.330078
2168	7739.572266
2169	7702.947266
2170	7617.197266
2171	7505.826172
2172	7456.939941
2173	7493.876465
2174	7578.776367
2175	7664.586914
2176	7695.286133
2177	7626.458008
2178	7498.233398
2179	7431.076660
2180	7497.348145
2181	7617.897949
2182	7655.500977
2183	7596.876465
2184	7545.084473
2185	7542.463867
2186	7522.128418
2187	7443.724609
2188	7348.413574
2189	7256.033691
2190	7165.325195
2191	7124.759277
2192	7157.045410
2193	7167.837891
2194	7083.113770
2195	6971.831543
2196	6897.416016
2197	6807.712402
2198	6672.817871
2199	6572.605957
2200	6566.400391
2201	6614.554199
2202	6689.080078
2203	6802.188477
2204	6900.916992
2205	6892.946289
2206	6817.979980
2207	6807.890137
2208	6843.128906
2209	6771.551758
2210	6612.810059
2211	6584.767090
2212	6782.875977
2213	7048.090820
2214	7199.936035
2215	7215.034180
2216	7159.882812
2217	7102.486816
2218	7095.093750
2219	7150.375977
2220	7226.571289
2221	7257.214355
2222	7226.385254
2223	7216.567871
2224	7304.181152
2225	7443.054199
2226	7536.520996
2227	7581.714844
2228	7639.758301
2229	7705.333984
2230	7716.422852
2231	7662.550293
2232	7598.420898
2233	7566.831055
2234	7565.952637
2235	7564.509766
2236	7529.860840
2237	7456.605957
2238	7380.694336
2239	7338.314453
2240	7305.053711
2241	7233.573242
2242	7134.192871
2243	7079.277344
2244	7110.542969
2245	7180.622070
2246	7210.592773
2247	7174.637207
2248	7124.000000
2249	7106.115723
2250	7099.430176
2251	7048.723145
2252	6965.220703
2253	6924.562500
2254	6960.178711
2255	7014.192871
2256	7029.264160
2257	7039.500977
2258	7097.827637
2259	7153.198730
2260	7112.747070
2261	7015.912109
2262	7005.680664
2263	7107.742188
2264	7191.041016
2265	7184.976562
2266	7178.775391
2267	7235.044922
2268	7258.648438
2269	7160.152344
2270	7038.437012
2271	7052.868652
2272	7186.378418
2273	7267.378906
2274	7213.234863
2275	7136.703613
2276	7185.011719
2277	7317.580078
2278	7359.291992
2279	7272.377441
2280	7226.170410
2281	7334.504883
2282	7490.133301
2283	7550.323242
2284	7529.130371
2285	7514.944336
2286	7526.951172
2287	7544.241211
2288	7557.205078
2289	7573.322754
2290	7593.700195
2291	7598.012695
2292	7545.717773
2293	7430.328125
2294	7327.740234
2295	7312.372559
2296	7348.762695
2297	7337.092285
2298	7262.915527
2299	7201.270020
2300	7180.120117
2301	7141.016602
2302	7046.187988
2303	6961.034180
2304	6971.391602
2305	7053.372070
2306	7086.287109
2307	7013.381348
2308	6921.971191
2309	6915.294922
2310	6959.361816
2311	6949.861328
2312	6869.873535
2313	6783.963379
2314	6721.617676
2315	6682.161133
2316	6716.811035
2317	6858.773438
2318	7003.545410
2319	7004.824219
2320	6884.701172
2321	6795.189941
2322	6782.112305
2323	6744.015137
2324	6643.447266
2325	6582.364746
2326	6626.571777
2327	6697.285645
2328	6681.437988
2329	6569.583008
2330	6450.226074
2331	6399.322266
2332	6408.077148
2333	6405.781738
2334	6341.840820
2335	6230.245605
2336	6128.985840
2337	6086.326172
2338	6103.521484
2339	6131.514648
2340	6114.091309
2341	6045.922363
2342	5979.311035
2343	5956.407227
2344	5954.191895
2345	5917.609375
2346	5838.789062
2347	5779.428223
2348	5789.226562
2349	5837.414062
2350	5850.701172
2351	5799.864746
2352	5716.284668
2353	5642.789551
2354	5606.135254
2355	5630.560547
2356	5717.569824
2357	5805.642578
2358	5808.529297
2359	5731.065918
2360	5670.806641
2361	5680.663086
2362	5711.806152
2363	5727.900391
2364	5763.159668
2365	5829.160645
2366	5874.089355
2367	5881.953125
2368	5899.174316
2369	5922.942871
2370	5884.957520
2371	5778.172363
2372	5680.529785
2373	5637.166504
2374	5626.330078
2375	5629.732422
2376	5649.676270
2377	5665.081543
2378	5651.708984
2379	5635.048828
2380	5660.371582
2381	5724.202637
2382	5782.741699
2383	5812.941406
2384	5823.046875
2385	5820.017090
2386	5796.805176
2387	5760.003418
2388	5737.099121
2389	5746.044922
2390	5768.292480
2391	5761.379883
2392	5714.556641
2393	5661.986328
2394	5632.968750
2395	5619.458984
2396	5611.125977
2397	5613.511230
2398	5617.531738
2399	5612.520508
2400	5626.910156
2401	5689.841797
2402	5769.050781
2403	5812.473633
2404	5812.568848
2405	5780.286621
2406	5721.671387
2407	5668.504883
2408	5654.124512
2409	5650.514648
2410	5608.980957
2411	5552.080078
2412	5531.905273
2413	5514.524902
2414	5439.843750
2415	5367.953613
2416	5395.432617
2417	5458.876953
2418	5407.505371
2419	5265.816406
2420	5203.896484
2421	5249.263184
2422	5254.873047
2423	5160.427734
2424	5062.456543
2425	5019.334473
2426	4987.182617
2427	4949.415039
2428	4952.570312
2429	4991.965332
2430	5011.537598
2431	4997.634766
2432	4994.882812
2433	5009.963867
2434	5004.442383
2435	4958.217285
2436	4897.498047
2437	4862.043457
2438	4858.755371
2439	4859.133301
2440	4835.678711
2441	4800.866699
2442	4781.324219
2443	4776.266113
2444	4766.459961
2445	4753.692871
2446	4750.297363
2447	4749.188965
2448	4731.485352
2449	4702.032715
2450	4687.842773
2451	4696.073730
2452	4698.276367
2453	4666.003418
2454	4609.881348
2455	4567.708984
2456	4563.066895
2457	4590.276367
2458	4628.182129
2459	4653.924805
2460	4656.537598
2461	4649.381348
2462	4654.618164
2463	4663.491211
2464	4644.698730
2465	4599.754395
2466	4567.925293
2467	4562.411133
2468	4550.646973
2469	4516.946777
2470	4492.280762
2471	4502.271973
2472	4526.424316
2473	4530.559082
2474	4514.844727
2475	4504.167969
2476	4505.249023
2477	4497.756348
2478	4473.364746
2479	4454.251465
2480	4451.322754
2481	4440.633789
2482	4403.601074
2483	4361.194336
2484	4338.249023
2485	4327.276367
2486	4317.710449
2487	4320.845215
2488	4337.454590
2489	4336.262695
2490	4300.245117
2491	4258.456543
2492	4242.709961
2493	4239.351562
2494	4219.808594
2495	4194.079102
2496	4196.804199
2497	4229.030273
2498	4256.876953
2499	4267.680176
2500	4281.750977
2501	4303.503418
2502	4311.464355
2503	4303.095703
2504	4297.842285
2505	4293.639648
2506	4273.599609
2507	4250.419434
2508	4252.857910
2509	4274.999512
2510	4283.046875
2511	4267.459473
2512	4254.418945
2513	4264.565430
2514	4287.741211
2515	4306.991211
2516	4326.173828
2517	4351.365723
2518	4361.112305
2519	4325.827148
2520	4251.190430
2521	4184.232910
2522	4165.275391
2523	4192.492188
2524	4229.393555
2525	4244.834961
2526	4244.455078
2527	4255.973633
2528	4282.132324
2529	4289.180664
2530	4261.954590
2531	4237.524414
2532	4259.056152
2533	4321.413086
2534	4388.404297
2535	4433.289551
2536	4449.630859
2537	4447.155273
2538	4447.608887
2539	4459.834473
2540	4477.947266
2541	4497.001465
2542	4513.705078
2543	4514.923828
2544	4500.143555
2545	4495.202637
2546	4512.329590
2547	4522.439941
2548	4500.467285
2549	4471.044434
2550	4469.502930
2551	4486.233887
2552	4487.647461
2553	4477.270020
2554	4484.214844
2555	4502.616211
2556	4492.361328
2557	4446.069336
2558	4404.840332
2559	4395.430664
2560	4394.456055
2561	4374.296387
2562	4347.639160
2563	4343.267090
2564	4364.381348
2565	4391.457520
2566	4406.544922
2567	4404.583008
2568	4389.672363
2569	4373.971191
2570	4372.487305
2571	4386.853027
2572	4393.452637
2573	4370.253418
2574	4330.327148
2575	4309.822754
2576	4313.765625
2577	4307.950195
2578	4276.166016
2579	4250.805176
2580	4261.993164
2581	4290.414551
2582	4303.848145
2583	4310.878906
2584	4334.378906
2585	4358.797363
2586	4350.066406
2587	4316.117188
2588	4297.292969
2589	4300.679199
2590	4289.385254
2591	4247.525391
2592	4207.363281
2593	4193.844727
2594	4187.285156
2595	4166.358887
2596	4143.519043
2597	4132.702148
2598	4123.166016
2599	4109.028809
2600	4103.818359
2601	4109.597656
2602	4106.760254
2603	4087.020752
2604	4066.223145
2605	4058.233643
2606	4058.975342
2607	4056.528564
2608	4044.702148
2609	4026.051025
2610	4003.876953
2611	3976.912842
2612	3947.438477
2613	3927.432617
2614	3924.885254
2615	3925.557617
2616	3916.478516
2617	3921.490234
2618	3963.145020
2619	3998.698975
2620	3963.814209
2621	3894.955811
2622	3907.241455
2623	4029.016846
2624	4146.073730
2625	4156.895508
2626	4096.884766
2627	4061.604980
2628	4077.298584
2629	4093.068848
2630	4068.205811
2631	4022.516357
2632	4001.427246
2633	4010.041016
2634	4012.697998
2635	3990.561279
2636	3957.520996
2637	3929.458496
2638	3908.430176
2639	3900.366211
2640	3906.594482
2641	3911.627197
2642	3911.544189
2643	3927.498779
2644	3961.228516
2645	3972.258301
2646	3939.711182
2647	3906.098877
2648	3918.408691
2649	3954.882812
2650	3963.955078
2651	3944.158936
2652	3937.427979
2653	3954.843994
2654	3964.840088
2655	3949.989258
2656	3927.717285
2657	3912.550781
2658	3896.676514
2659	3877.456787
2660	3872.138672
2661	3888.378662
2662	3908.635010
2663	3917.709717
2664	3922.826416
2665	3930.288086
2666	3923.160645
2667	3880.985107
2668	3817.162109
2669	3778.586182
2670	3797.123291
2671	3844.672852
2672	3859.339600
2673	3820.729736
2674	3774.406982
2675	3766.085449
2676	3781.067139
2677	3778.250488
2678	3757.079834
2679	3747.137207
2680	3752.635742
2681	3751.396240
2682	3742.189941
2683	3740.400879
2684	3743.414795
2685	3733.037598
2686	3710.543701
2687	3699.569092
2688	3707.249512
2689	3713.167236
2690	3697.786133
2691	3663.548340
2692	3624.630859
2693	3591.671631
2694	3568.998291
2695	3554.802979
2696	3543.108398
2697	3527.376221
2698	3509.387939
2699	3500.031494
2700	3507.057129
2701	3517.417725
2702	3507.604980
2703	3480.478027
2704	3467.507812
2705	3481.088379
2706	3486.595459
2707	3457.633545
2708	3424.491211
2709	3426.272217
2710	3438.564697
2711	3417.735840
2712	3390.010742
2713	3415.989746
2714	3483.783691
2715	3522.689209
2716	3515.733154
2717	3509.897949
2718	3519.636475
2719	3504.898438
2720	3455.058105
2721	3422.449219
2722	3446.349121
2723	3498.112793
2724	3532.315186
2725	3546.087402
2726	3557.004639
2727	3564.399414
2728	3563.510498
2729	3565.048828
2730	3574.732178
2731	3587.174805
2732	3611.779053
2733	3658.782715
2734	3705.172852
2735	3718.109619
2736	3707.157715
2737	3708.544434
2738	3729.688477
2739	3745.909180
2740	3740.982910
2741	3722.849609
2742	3704.669922
2743	3691.175293
2744	3682.292969
2745	3675.262207
2746	3666.447021
2747	3657.790039
2748	3655.028320
2749	3661.537354
2750	3676.318604
2751	3696.988037
2752	3715.680908
2753	3720.031006
2754	3709.183594
2755	3700.361328
2756	3706.761230
2757	3718.803467
2758	3722.322754
2759	3719.522217
2760	3717.706299
2761	3711.950195
2762	3694.455322
2763	3675.171143
2764	3669.680664
2765	3675.698242
2766	3679.442627
2767	3674.233398
2768	3657.079346
2769	3624.469482
2770	3586.786865
2771	3566.074219
2772	3567.200684
2773	3573.009766
2774	3565.919189
2775	3541.816650
2776	3508.210693
2777	3484.179932
2778	3488.771729
2779	3515.819092
2780	3536.874023
2781	3536.547119
2782	3533.206055
2783	3547.920898
2784	3569.928711
2785	3565.145996
2786	3520.814697
2787	3465.490479
2788	3434.883545
2789	3430.275635
2790	3427.395752
2791	3416.248291
2792	3411.193115
2793	3422.594727
2794	3443.689453
2795	3459.064209
2796	3456.798584
2797	3437.984619
2798	3419.623291
2799	3414.700928
2800	3418.534668
2801	3421.077881
2802	3423.595947
2803	3426.972900
2804	3424.057617
2805	3418.036377
2806	3423.576660
2807	3440.004639
2808	3451.372559
2809	3453.906494
2810	3456.566406
2811	3457.775146
2812	3448.786133
2813	3432.552002
2814	3417.925537
2815	3407.067139
2816	3407.895508
2817	3435.999756
2818	3482.883301
2819	3505.360840
2820	3477.153076
2821	3429.375977
2822	3407.724121
2823	3413.331299
2824	3419.526123
2825	3423.945068
2826	3444.376465
2827	3472.595459
2828	3476.285889
2829	3445.309814
2830	3405.995850
2831	3379.343750
2832	3355.976318
2833	3318.187500
2834	3269.592529
2835	3228.430420
2836	3206.695312
2837	3199.387451
2838	3191.595459
2839	3177.918945
2840	3172.324951
2841	3185.171143
2842	3201.044922
2843	3201.911621
2844	3191.671387
2845	3183.124512
2846	3180.441406
2847	3181.018066
2848	3178.180908
2849	3162.138184
2850	3136.563965
2851	3116.536133
2852	3103.452637
2853	3088.381836
2854	3076.412109
2855	3073.733154
2856	3068.826660
2857	3055.498291
2858	3050.401367
2859	3063.149170
2860	3078.030273
2861	3080.831055
2862	3078.909424
2863	3081.515869
2864	3080.874756
2865	3066.598877
2866	3052.539795
2867	3067.499023
2868	3120.662354
2869	3188.942139
2870	3240.978516
2871	3258.860840
2872	3241.580566
2873	3209.245605
2874	3194.713379
2875	3212.537842
2876	3238.212402
2877	3244.305664
2878	3235.114014
2879	3234.969482
2880	3255.019287
2881	3286.395264
2882	3311.042236
2883	3320.414062
2884	3321.138916
2885	3322.924316
2886	3322.193115
2887	3316.720703
2888	3317.041016
2889	3324.881348
2890	3321.897949
2891	3295.693604
2892	3259.610840
2893	3232.537109
2894	3222.403564
2895	3226.970703
2896	3230.243164
2897	3210.354492
2898	3171.666992
2899	3153.368896
2900	3178.121338
2901	3216.666992
2902	3232.434326
2903	3228.306885
2904	3220.279785
2905	3201.248779
2906	3167.018799
2907	3140.545654
2908	3144.298584
2909	3175.089844
2910	3217.832031
2911	3259.429443
2912	3290.246826
2913	3300.641113
2914	3280.942139
2915	3237.258301
2916	3211.703857
2917	3247.599854
2918	3322.673584
2919	3368.475342
2920	3367.814941
2921	3369.354736
2922	3399.792236
2923	3430.394043
2924	3438.500488
2925	3438.843018
2926	3446.566650
2927	3459.128906
2928	3476.616211
2929	3498.820801
2930	3511.965088
2931	3502.757324
2932	3480.066650
2933	3463.658203
2934	3466.037842
2935	3482.759277
2936	3491.060547
2937	3475.377197
2938	3456.225586
2939	3464.475586
2940	3488.132080
2941	3490.431152
2942	3473.017578
2943	3467.724609
2944	3477.673584
2945	3475.972168
2946	3448.917725
2947	3409.354004
2948	3378.519043
2949	3371.098877
2950	3378.051270
2951	3376.415283
2952	3367.557617
2953	3372.074707
2954	3379.313232
2955	3355.737305
2956	3310.266602
2957	3289.643066
2958	3310.369629
2959	3343.593262
2960	3361.273193
2961	3365.110352
2962	3374.534668
2963	3404.126709
2964	3440.871094
2965	3449.943604
2966	3415.748535
2967	3361.389160
2968	3317.168457
2969	3295.601562
2970	3298.475098
2971	3317.321289
2972	3338.241211
2973	3358.881348
2974	3383.621338
2975	3400.450684
2976	3394.164795
2977	3376.991211
2978	3364.266602
2979	3351.537842
2980	3336.480469
2981	3338.147705
2982	3367.134521
2983	3408.239746
2984	3435.499756
2985	3432.035156
2986	3404.700928
2987	3392.060547
2988	3416.410889
2989	3438.041260
2990	3407.550293
2991	3352.342529
2992	3344.625244
2993	3396.209961
2994	3458.717285
2995	3503.807373
2996	3538.091553
2997	3555.577881
2998	3542.376953
2999	3506.489258
3000	3471.769531
3001	3448.947266
3002	3437.321777
3003	3440.815186
3004	3462.495361
3005	3492.330566
3006	3514.642822
3007	3527.623291
3008	3544.894043
3009	3575.861084
3010	3611.867920
3011	3640.634033
3012	3656.095215
3013	3653.020264
3014	3635.671631
3015	3627.882568
3016	3639.006592
3017	3635.961182
3018	3590.198242
3019	3534.431152
3020	3519.678223
3021	3537.621094
3022	3534.855713
3023	3494.420654
3024	3454.673584
3025	3447.625000
3026	3459.694580
3027	3460.732666
3028	3445.804688
3029	3429.758301
3030	3416.519287
3031	3396.479492
3032	3364.617432
3033	3324.247559
3034	3288.189697
3035	3282.248779
3036	3315.455322
3037	3356.943848
3038	3378.767334
3039	3396.265625
3040	3420.207764
3041	3421.246582
3042	3394.596924
3043	3388.978516
3044	3417.384033
3045	3426.909912
3046	3400.879150
3047	3396.475830
3048	3448.156982
3049	3520.953613
3050	3575.792725
3051	3614.723145
3052	3650.074219
3053	3677.098877
3054	3683.442383
3055	3673.072266
3056	3673.255615
3057	3698.268555
3058	3717.330566
3059	3697.093262
3060	3665.994873
3061	3682.557617
3062	3743.272949
3063	3784.094727
3064	3777.198975
3065	3768.989990
3066	3800.567627
3067	3848.710205
3068	3865.924561
3069	3851.068604
3070	3838.356201
3071	3839.374023
3072	3833.292969
3073	3808.600098
3074	3771.716797
3075	3726.037354
3076	3678.983887
3077	3650.495850
3078	3643.089844
3079	3627.663818
3080	3601.897705
3081	3610.333496
3082	3670.368408
3083	3729.029297
3084	3739.323975
3085	3718.071289
3086	3696.166992
3087	3665.352539
3088	3615.358643
3089	3569.227783
3090	3558.067627
3091	3582.280029
3092	3624.841797
3093	3677.888184
3094	3736.945557
3095	3784.608887
3096	3800.367676
3097	3782.437012
3098	3753.126709
3099	3731.020752
3100	3711.188477
3101	3693.211426
3102	3699.419189
3103	3739.064453
3104	3787.137451
3105	3818.000977
3106	3839.972656
3107	3866.291748
3108	3886.660400
3109	3892.151123
3110	3898.559326
3111	3924.754883
3112	3962.498291
3113	3982.851074
3114	3965.777100
3115	3924.265381
3116	3893.286621
3117	3899.667969
3118	3939.856445
3119	3974.077393
3120	3949.732910
3121	3869.895020
3122	3815.375977
3123	3845.214844
3124	3912.245117
3125	3944.729980
3126	3949.190430
3127	3962.287842
3128	3974.707031
3129	3975.038086
3130	3994.439209
3131	4043.372559
3132	4076.492188
3133	4066.115479
3134	4045.868896
3135	4059.777588
3136	4102.750488
3137	4132.892090
3138	4130.342285
3139	4122.056152
3140	4135.548340
3141	4156.473145
3142	4160.984375
3143	4157.972168
3144	4162.127441
3145	4160.593262
3146	4138.625000
3147	4101.270996
3148	4056.050537
3149	4014.103027
3150	3999.643555
3151	4015.055664
3152	4026.657471
3153	4008.921143
3154	3976.763184
3155	3946.805420
3156	3922.141357
3157	3908.586426
3158	3910.294678
3159	3905.731689
3160	3874.090820
3161	3838.322754
3162	3838.252930
3163	3863.464355
3164	3857.163330
3165	3797.070068
3166	3741.387451
3167	3754.724365
3168	3813.124756
3169	3838.834473
3170	3808.031738
3171	3762.878906
3172	3732.258789
3173	3700.610596
3174	3656.685303
3175	3621.333496
3176	3618.406494
3177	3644.045898
3178	3667.368896
3179	3664.226074
3180	3643.678223
3181	3627.620850
3182	3608.560791
3183	3565.018066
3184	3514.638428
3185	3500.404541
3186	3521.224609
3187	3530.111816
3188	3511.555664
3189	3503.929443
3190	3535.831543
3191	3589.696289
3192	3631.519287
3193	3644.460938
3194	3627.042480
3195	3590.596924
3196	3559.059326
3197	3553.118164
3198	3563.289307
3199	3562.034912
3200	3547.687500
3201	3552.266846
3202	3590.338379
3203	3634.690430
3204	3654.651123
3205	3648.894043
3206	3628.964111
3207	3609.587402
3208	3613.151123
3209	3644.185791
3210	3665.923096
3211	3642.814453
3212	3592.194580
3213	3558.255371
3214	3550.780029
3215	3543.989990
3216	3523.956543
3217	3500.590332
3218	3481.159180
3219	3463.440918
3220	3448.154053
3221	3433.971436
3222	3413.697021
3223	3386.601807
3224	3366.732910
3225	3363.147217
3226	3368.342285
3227	3366.966309
3228	3348.468994
3229	3315.700439
3230	3292.489502
3231	3306.575928
3232	3349.972656
3233	3374.988770
3234	3352.984131
3235	3317.295654
3236	3314.442871
3237	3336.452881
3238	3349.548584
3239	3360.189453
3240	3394.772949
3241	3439.658691
3242	3460.968506
3243	3457.966553
3244	3452.454834
3245	3454.110107
3246	3469.280273
3247	3506.715332
3248	3549.625977
3249	3564.774658
3250	3542.495117
3251	3501.631592
3252	3457.080322
3253	3420.316895
3254	3407.963623
3255	3415.747314
3256	3409.870117
3257	3372.074707
3258	3327.262207
3259	3303.259766
3260	3284.859131
3261	3246.083008
3262	3198.390625
3263	3172.655762
3264	3170.057129
3265	3167.799561
3266	3161.383789
3267	3166.220459
3268	3181.694092
3269	3182.328369
3270	3150.283447
3271	3100.980713
3272	3063.561279
3273	3046.244873
3274	3034.611328
3275	3019.731445
3276	3008.767090
3277	3004.847412
3278	3001.524414
3279	3030.404541
3280	3128.495605
3281	3158.915527
3282	2990.313232
3283	2966.178711
3284	3394.044189
3285	3510.364990
3286	2637.112061
3287	2289.282471
3288	4178.905273
3289	6329.106445
3290	5572.320312
3291	3692.524170
3292	5315.894043
3293	9526.498047
3294	10211.455078
3295	5877.201660
3296	2682.208252
3297	5357.628418
3298	10172.356445
3299	10344.469727
3300	5616.527832
3301	2702.366943
3302	5799.458984
3303	10835.847656
3304	10923.597656
3305	5869.400391
3306	2699.943359
3307	5834.854980
3308	10962.124023
3309	10999.281250
3310	5859.750977
3311	2664.068115
3312	5780.885254
3313	10896.485352
3314	10973.907227
3315	5868.037109
3316	2665.988525
3317	5815.272461
3318	11013.030273
3319	11088.306641
3320	5873.935059
3321	2634.437500
3322	5886.470215
3323	11155.949219
3324	11136.934570
3325	5774.864258
3326	2503.543213
3327	5839.399902
3328	11182.560547
3329	11165.992188
3330	5767.189453
3331	2446.487305
3332	5725.273438
3333	11047.635742
3334	11056.258789
3335	5662.767090
3336	2395.273682
3337	5838.231934
3338	11044.838867
3339	10463.714844
3340	5014.829102
3341	2862.972168
3342	6760.822266
3343	10082.060547
3344	7441.519043
3345	2527.264160
3346	1514.014648
3347	3508.240479
3348	3554.955078
3349	1658.654907
3350	2553.274902
3351	7047.493164
3352	9332.891602
