-0.101522
-0.003896
0.056298
0.002875
-0.037246
0.001293
0.043742
0.032261
0.001126
-0.007033
55.685261
275.551422
531.842529
428.846283
86.248604
287.339233
864.248230
402.170349
-704.732788
757.548950
6043.498535
11380.242188
12875.896484
11651.055664
11032.735352
11610.750977
11962.069336
11763.535156
11734.330078
12044.717773
12314.065430
12309.061523
12249.186523
12216.495117
12245.920898
12244.859375
12124.456055
11946.525391
11857.511719
11894.671875
11954.943359
11947.763672
11874.318359
11788.992188
11738.032227
11719.882812
11672.232422
11574.493164
11517.584961
11578.756836
11692.263672
11749.415039
11752.566406
11780.883789
11873.997070
11990.082031
12035.289062
11971.893555
11908.739258
11959.619141
12048.143555
12007.476562
11846.354492
11736.119141
11759.471680
11828.251953
11882.518555
11964.254883
12097.935547
12242.842773
12382.295898
12544.530273
12702.284180
12784.756836
12777.291992
12724.387695
12655.503906
12599.735352
12578.856445
12586.773438
12599.471680
12607.118164
12619.847656
12633.773438
12621.323242
12560.662109
12459.217773
12355.783203
12293.446289
12293.946289
12352.027344
12439.417969
12523.049805
12583.333984
12614.093750
12615.955078
12602.940430
12589.931641
12568.880859
12524.640625
12490.080078
12515.083008
12585.946289
12637.362305
12642.371094
12632.330078
12625.191406
12605.565430
12569.876953
12542.636719
12544.589844
12551.428711
12514.019531
12430.466797
12365.551758
12366.482422
12410.487305
12455.934570
12495.434570
12523.145508
12519.135742
12489.822266
12469.313477
12462.795898
12433.431641
12360.080078
12267.167969
12190.935547
12138.197266
12097.519531
12069.635742
12059.711914
12045.960938
12002.182617
11930.903320
11864.855469
11828.594727
11821.743164
11833.184570
11837.392578
11804.805664
11742.417969
11684.775391
11622.181641
11512.358398
11387.510742
11339.447266
11382.625000
11427.822266
11425.059570
11422.910156
11467.663086
11531.204102
11569.826172
11576.102539
11565.705078
11558.426758
11560.679688
11562.129883
11541.708984
11492.520508
11430.005859
11390.301758
11392.137695
11408.939453
11406.256836
11384.460938
11357.531250
11318.036133
11256.945312
11197.771484
11161.561523
11142.824219
11139.326172
11151.930664
11161.674805
11150.979492
11134.421875
11128.012695
11134.399414
11167.713867
11229.446289
11271.382812
11252.979492
11213.283203
11220.476562
11267.858398
11286.315430
11243.878906
11186.701172
11164.476562
11154.004883
11104.151367
11042.350586
11043.689453
11101.980469
11134.915039
11107.709961
11068.180664
11055.027344
11058.155273
11055.474609
11047.358398
11052.385742
11076.000000
11079.458008
11027.907227
10973.022461
11005.067383
11106.638672
11155.423828
11088.673828
10991.912109
10993.574219
11111.901367
11231.063477
11250.642578
11224.048828
11273.521484
11394.041992
11451.894531
11396.573242
11347.621094
11403.922852
11504.030273
11532.827148
11483.176758
11425.915039
11396.842773
11379.570312
11350.341797
11290.686523
11209.568359
11155.157227
11159.920898
11186.419922
11175.160156
11120.666016
11070.048828
11059.973633
11079.440430
11089.149414
11074.755859
11044.588867
10996.008789
10917.941406
10826.229492
10743.581055
10666.399414
10586.920898
10530.055664
10522.690430
10561.455078
10629.730469
10710.071289
10761.697266
10744.342773
10684.621094
10661.436523
10703.551758
10758.513672
10785.359375
10802.883789
10820.807617
10801.334961
10727.534180
10659.095703
10662.231445
10709.782227
10723.682617
10697.247070
10689.414062
10712.630859
10713.020508
10668.074219
10618.160156
10598.794922
10605.578125
10615.204102
10609.915039
10586.666992
10557.636719
10536.710938
10526.782227
10513.954102
10469.103516
10384.494141
10315.298828
10324.690430
10385.116211
10414.643555
10401.111328
10387.053711
10364.543945
10296.021484
10221.695312
10223.471680
10289.913086
10325.642578
10295.704102
10259.077148
10243.013672
10215.467773
10173.974609
10157.136719
10160.152344
10137.267578
10092.407227
10068.304688
10063.163086
10050.391602
10049.660156
10080.401367
10100.045898
10064.682617
10003.795898
9968.367188
9956.029297
9940.416992
9920.404297
9917.422852
9941.986328
9962.803711
9928.254883
9838.546875
9768.998047
9762.571289
9764.817383
9722.772461
9689.416992
9726.998047
9792.491211
9804.211914
9763.584961
9723.149414
9682.643555
9608.645508
9530.069336
9520.555664
9589.174805
9653.534180
9650.690430
9610.900391
9582.572266
9563.244141
9564.085938
9645.053711
9800.713867
9910.967773
9903.184570
9860.581055
9886.716797
9947.871094
9945.425781
9869.363281
9799.261719
9787.029297
9811.736328
9838.859375
9857.454102
9860.449219
9844.875000
9828.630859
9823.803711
9812.002930
9786.732422
9784.566406
9828.164062
9877.730469
9883.796875
9870.262695
9905.109375
10000.527344
10084.920898
10091.814453
10039.287109
9998.710938
9997.185547
10003.662109
9989.565430
9949.727539
9905.727539
9903.417969
9975.568359
10079.946289
10139.078125
10145.083984
10152.878906
10171.738281
10145.361328
10061.266602
9996.419922
10002.232422
10026.861328
9994.005859
9915.694336
9857.445312
9832.126953
9796.992188
9736.457031
9677.394531
9635.333008
9591.986328
9544.384766
9522.377930
9547.584961
9600.112305
9639.015625
9642.702148
9610.108398
9554.632812
9507.409180
9501.303711
9528.997070
9556.811523
9577.021484
9607.757812
9641.022461
9648.937500
9628.623047
9605.116211
9594.482422
9589.300781
9565.350586
9510.754883
9447.435547
9409.366211
9402.652344
9411.349609
9420.648438
9415.723633
9382.539062
9333.009766
9306.314453
9319.362305
9335.427734
9307.465820
9246.550781
9214.734375
9240.719727
9269.811523
9234.629883
9150.298828
9101.153320
9128.230469
9168.109375
9134.620117
9046.730469
9002.606445
9032.306641
9064.748047
9053.063477
9037.644531
9054.576172
9077.238281
9069.367188
9032.831055
8993.938477
8971.178711
8942.238281
8869.242188
8773.838867
8740.536133
8792.209961
8847.945312
8845.614258
8813.058594
8788.125000
8766.349609
8746.874023
8749.983398
8778.618164
8804.097656
8807.219727
8803.080078
8810.431641
8802.309570
8733.964844
8619.805664
8524.273438
8479.054688
8459.750977
8450.736328
8463.135742
8495.811523
8529.742188
8553.124023
8559.928711
8549.715820
8542.888672
8557.404297
8572.354492
8554.200195
8523.620117
8530.423828
8570.120117
8589.513672
8559.402344
8493.315430
8419.688477
8367.015625
8349.099609
8342.973633
8317.718750
8281.967773
8260.162109
8243.539062
8217.314453
8197.664062
8187.454102
8153.410156
8095.060059
8064.413574
8079.878906
8096.002930
8096.353516
8127.798340
8209.704102
8291.865234
8332.257812
8346.580078
8356.118164
8354.083008
8326.789062
8279.851562
8243.634766
8265.944336
8355.723633
8452.013672
8489.676758
8472.145508
8453.299805
8463.183594
8493.663086
8520.426758
8531.032227
8536.332031
8544.175781
8544.878906
8529.783203
8516.374023
8520.358398
8536.855469
8559.485352
8589.925781
8622.721680
8639.914062
8628.968750
8597.434570
8569.783203
8567.993164
8588.506836
8598.616211
8565.907227
8505.757812
8473.288086
8497.166992
8542.782227
8567.991211
8577.010742
8574.496094
8532.019531
8443.114258
8359.469727
8338.171875
8375.615234
8421.154297
8434.614258
8414.686523
8372.687500
8321.892578
8295.741211
8316.031250
8331.939453
8275.506836
8189.826172
8188.927246
8284.225586
8357.086914
8343.075195
8324.798828
8402.370117
8553.085938
8666.452148
8683.987305
8642.629883
8604.322266
8610.445312
8677.220703
8780.611328
8852.292969
8845.597656
8791.231445
8770.840820
8812.255859
8859.229492
8847.752930
8807.867188
8821.615234
8886.996094
8901.664062
8826.916992
8756.334961
8758.922852
8759.798828
8669.685547
8538.559570
8474.665039
8486.486328
8484.762695
8417.606445
8319.932617
8247.667969
8230.511719
8278.751953
8362.214844
8393.040039
8322.886719
8255.702148
8334.503906
8533.953125
8699.658203
8770.736328
8804.981445
8831.617188
8822.550781
8796.179688
8794.527344
8801.028320
8763.138672
8690.595703
8646.363281
8651.871094
8687.596680
8733.956055
8778.116211
8791.254883
8760.191406
8715.311523
8695.790039
8696.962891
8694.248047
8678.869141
8641.589844
8561.564453
8461.939453
8407.049805
8412.038086
8421.876953
8424.599609
8466.512695
8535.206055
8559.835938
8540.240234
8543.338867
8568.709961
8554.556641
8500.628906
8462.232422
8454.885742
8449.434570
8434.879883
8421.254883
8409.083984
8395.333008
8389.279297
8393.253906
8383.561523
8339.101562
8272.191406
8211.370117
8162.571777
8118.113770
8079.067871
8043.003906
7999.686523
7953.849121
7923.023438
7903.200684
7875.416504
7840.737793
7815.128418
7803.825195
7799.393066
7802.132812
7809.366211
7796.206055
7744.134766
7684.216797
7666.377930
7683.188477
7676.454590
7625.162598
7571.722168
7545.446289
7542.494629
7573.299316
7644.258301
7702.101562
7686.596680
7635.515625
7628.849121
7661.270508
7664.348633
7630.303711
7613.392578
7621.669922
7604.660645
7546.699707
7491.727539
7456.910645
7407.480957
7331.782715
7286.001953
7315.471191
7380.687012
7414.127441
7412.752441
7421.091309
7446.897949
7459.291992
7447.870117
7431.991211
7409.833008
7366.678223
7324.800781
7315.870605
7314.736328
7267.734863
7185.527344
7134.084961
7148.124023
7208.018066
7277.322266
7322.225098
7338.895020
7369.309570
7454.995605
7560.386719
7604.940430
7564.451660
7496.335449
7459.028809
7471.415039
7527.642090
7604.812500
7661.728516
7681.697754
7689.350586
7698.151855
7678.098145
7619.860840
7572.224121
7565.502930
7568.745605
7561.492676
7570.287598
7604.942383
7627.563477
7621.221191
7612.904297
7602.082520
7554.236816
7480.291016
7427.022949
7399.105957
7365.057617
7334.287598
7337.048828
7360.579102
7380.166016
7404.843262
7434.528809
7431.746582
7388.833008
7355.362793
7362.593262
7369.547852
7329.926270
7268.987793
7251.521484
7286.059570
7319.916992
7341.685059
7389.791016
7438.441895
7406.508789
7317.316895
7289.933105
7343.620117
7361.141602
7295.416992
7223.331055
7195.707520
7195.003906
7231.131348
7316.635742
7378.950195
7351.582520
7298.832520
7317.227539
7378.418457
7400.541992
7384.445312
7374.667969
7363.381836
7322.185059
7261.344727
7197.810059
7136.977051
7093.566895
7070.812012
7047.751465
7016.600098
6987.186035
6964.755371
6939.516602
6907.660156
6859.758301
6795.291504
6745.516602
6730.840820
6710.264160
6650.717773
6612.520508
6675.065430
6786.129395
6823.196289
6778.129395
6754.594727
6775.421387
6760.886719
6718.479980
6756.253906
6870.982910
6920.533203
6867.974609
6841.510742
6909.162109
6965.126953
6933.224121
6892.837891
6922.784668
6970.168457
6960.032227
6920.007812
6902.708496
6886.886719
6840.027832
6795.854004
6797.649414
6819.140625
6804.773438
6752.722168
6684.165039
6578.425781
6422.097168
6291.178711
6289.490234
6392.633301
6466.923828
6454.429199
6438.360352
6480.389648
6523.906738
6508.952148
6474.206543
6444.827148
6344.605469
6134.762695
5926.586426
5850.260254
5913.149902
6032.645996
6133.240234
6191.141602
6232.498535
6301.810059
6354.563965
6295.981934
6159.708984
6115.953125
6223.364258
6340.974121
6359.718750
6368.600586
6449.048340
6493.627441
6388.045410
6232.645508
6186.119141
6217.746094
6205.163086
6168.284668
6206.732910
6294.106934
6327.591797
6315.010254
6335.493652
6370.737305
6347.058594
6301.638184
6355.913086
6517.488770
6650.079102
6673.421387
6659.480469
6705.667480
6805.437988
6899.138184
6947.841797
6949.561523
6915.241211
6864.560547
6809.651855
6760.679688
6730.556152
6702.250977
6624.166992
6507.549805
6464.270508
6537.035645
6600.084961
6570.750000
6549.273438
6609.901855
6652.319824
6610.040527
6590.937012
6661.635254
6725.583008
6715.868652
6722.952637
6818.988281
6942.813965
7027.483887
7081.259766
7101.520508
7048.041992
6949.893066
6908.645996
6925.650879
6884.937988
6759.121582
6671.236328
6685.560547
6707.136719
6652.795410
6565.657227
6510.363770
6473.942383
6435.794922
6451.889160
6570.567383
6724.792480
6761.515625
6620.521973
6429.079102
6365.913574
6442.189453
6491.232910
6414.208008
6307.501953
6299.607422
6365.564453
6399.144531
6362.581543
6290.785156
6206.172363
6104.829590
5982.250977
5859.970215
5774.020996
5743.540039
5761.079102
5831.016602
5918.919922
5919.497559
5810.859375
5761.158691
5885.288086
6001.675293
5920.688965
5776.961426
5813.197266
5998.682129
6150.197754
6240.366699
6330.616211
6407.662598
6471.076660
6587.311523
6718.485352
6733.233887
6633.879883
6549.841797
6518.440430
6499.546387
6526.001465
6629.661133
6735.428223
6785.022461
6832.643066
6915.018555
6985.015625
6999.540039
6971.341797
6934.576172
6913.256348
6890.449219
6792.938965
6624.420898
6527.465332
6603.756348
6748.423828
6774.881348
6642.788574
6486.360840
6423.787598
6433.884766
6455.661133
6524.937988
6693.677246
6868.013672
6880.163574
6712.888184
6525.170410
6452.699219
6536.633301
6768.306641
7013.844727
7069.905762
6928.023926
6835.376465
6927.197266
7068.323242
7150.409668
7283.685547
7483.325195
7524.858398
7288.055176
7023.750977
7030.456055
7231.931641
7327.913574
7230.916016
7116.929199
7107.924316
7163.208496
7236.464844
7369.988281
7577.602051
7748.983398
7764.077148
7667.923340
7643.425781
7768.373535
7914.789062
7959.602539
7945.443848
7959.562012
8019.679688
8117.062500
8248.583984
8358.086914
8383.573242
8362.393555
8383.107422
8436.685547
8441.624023
8380.362305
8335.161133
8369.299805
8446.536133
8508.248047
8563.775391
8621.449219
8614.061523
8512.919922
8427.196289
8457.592773
8523.882812
8501.620117
8429.054688
8432.641602
8525.138672
8613.310547
8638.236328
8630.005859
8649.315430
8723.083008
8813.756836
8859.416992
8852.274414
8851.301758
8881.882812
8861.986328
8720.863281
8546.390625
8481.955078
8519.863281
8540.255859
8527.075195
8560.914062
8646.872070
8712.763672
8730.885742
8717.156250
8670.839844
8619.887695
8635.841797
8726.466797
8822.029297
8879.816406
8913.246094
8919.568359
8868.380859
8772.546875
8691.433594
8683.090820
8750.058594
8828.144531
8847.889648
8822.503906
8810.439453
8812.074219
8777.926758
8697.011719
8588.176758
8445.123047
8285.761719
8187.194336
8180.660156
8195.368164
8190.044922
8234.478516
8367.041992
8473.143555
8426.713867
8296.345703
8256.343750
8318.009766
8328.228516
8245.447266
8239.762695
8405.016602
8575.664062
8583.122070
8516.453125
8551.716797
8668.549805
8727.647461
8686.831055
8598.404297
8511.645508
8458.782227
8453.425781
8452.361328
8413.802734
8361.934570
8348.411133
8386.042969
8449.401367
8506.324219
8565.609375
8679.709961
8849.732422
8963.167969
8953.456055
8907.807617
8893.845703
8844.410156
8749.166992
8765.317383
8920.121094
8997.795898
8896.402344
8816.121094
8911.271484
9053.573242
9119.658203
9176.268555
9233.695312
9162.318359
8963.000977
8810.327148
8785.531250
8824.670898
8895.826172
9001.958008
9060.794922
9011.533203
8954.822266
9001.609375
9082.783203
9083.168945
9029.263672
8970.847656
8858.055664
8705.205078
8651.566406
8726.811523
8754.445312
8613.273438
8404.401367
8276.932617
8232.804688
8193.283203
8156.791016
8178.166016
8271.925781
8402.543945
8508.336914
8480.809570
8287.299805
8119.109863
8166.558594
8289.899414
8228.941406
8040.527344
7966.436035
7982.037598
7869.551758
7662.452637
7608.136230
7724.097168
7791.616699
7733.415527
7681.395996
7685.980957
7662.981445
7591.849609
7499.146973
7339.593750
7130.113281
7067.419922
7254.068848
7486.791016
7529.958496
7473.438965
7552.746582
7790.055176
8008.149902
8134.765625
8272.058594
8476.721680
8647.480469
8700.755859
8692.930664
8718.910156
8788.918945
8866.772461
8945.400391
8991.161133
8960.868164
8860.150391
8747.191406
8671.724609
8677.593750
8780.410156
8898.604492
8893.624023
8777.703125
8724.248047
8837.131836
9012.291992
9102.648438
9098.546875
9075.895508
9065.987305
9034.429688
8945.281250
8809.102539
8692.571289
8676.821289
8769.207031
8872.690430
8885.912109
8820.194336
8779.469727
8820.880859
8865.384766
8813.870117
8720.064453
8731.160156
8867.095703
8993.169922
9053.831055
9143.802734
9323.054688
9504.763672
9568.722656
9502.969727
9387.207031
9322.080078
9344.413086
9409.219727
9462.453125
9501.087891
9527.404297
9540.085938
9595.262695
9757.354492
9951.641602
10041.596680
10047.798828
10080.666016
10129.260742
10121.617188
10093.958008
10111.437500
10124.220703
10071.499023
10010.270508
10016.078125
10054.275391
10069.440430
10080.469727
10123.921875
10176.951172
10209.877930
10234.878906
10258.925781
10254.620117
10211.608398
10174.915039
10188.600586
10242.690430
10283.713867
10278.015625
10241.487305
10186.316406
10117.039062
10087.494141
10156.371094
10261.565430
10272.164062
10168.791992
10029.571289
9909.584961
9870.783203
9999.104492
10231.609375
10338.775391
10248.781250
10152.585938
10168.078125
10173.291016
10077.971680
9962.358398
9863.319336
9742.523438
9668.186523
9741.660156
9851.653320
9834.296875
9767.665039
9785.958984
9745.116211
9482.085938
9213.298828
9271.182617
9589.154297
9828.063477
9881.048828
9907.571289
9979.365234
10029.893555
10054.332031
10134.692383
10289.160156
10436.993164
10474.067383
10366.748047
10189.416992
10079.141602
10093.260742
10138.377930
10096.017578
9994.926758
9962.036133
10062.914062
10237.114258
10376.250977
10410.717773
10376.055664
10394.945312
10516.530273
10628.250977
10620.944336
10556.052734
10530.869141
10509.495117
10448.494141
10445.765625
10575.987305
10705.647461
10685.957031
10585.825195
10582.458008
10687.042969
10749.620117
10688.365234
10591.639648
10584.581055
10628.641602
10583.669922
10454.883789
10390.757812
10418.704102
10385.794922
10233.205078
10109.681641
10138.260742
10222.165039
10172.899414
9952.519531
9716.161133
9625.591797
9669.669922
9700.656250
9621.973633
9517.288086
9521.480469
9609.421875
9660.615234
9699.441406
9865.742188
10139.613281
10336.905273
10347.388672
10205.179688
9990.375977
9809.205078
9763.992188
9830.598633
9911.473633
9992.566406
10102.955078
10149.722656
10051.362305
9937.500000
9972.537109
10121.218750
10313.599609
10576.305664
10844.114258
10883.257812
10672.334961
10524.131836
10675.445312
10978.396484
11167.173828
11196.633789
11171.220703
11128.295898
11050.806641
10957.082031
10913.108398
10967.480469
11084.806641
11175.623047
11175.439453
11086.308594
10960.889648
10881.062500
10898.158203
10978.486328
11067.158203
11183.904297
11360.865234
11547.634766
11686.000977
11783.977539
11851.157227
11866.809570
11818.706055
11726.783203
11633.813477
11593.848633
11645.812500
11734.095703
11731.959961
11606.842773
11508.073242
11588.158203
11817.285156
12024.725586
12082.799805
12013.252930
11920.404297
11866.717773
11849.616211
11848.561523
11855.675781
11880.072266
11906.210938
11859.580078
11700.357422
11537.138672
11505.384766
11555.144531
11528.584961
11423.368164
11403.258789
11528.015625
11664.184570
11721.934570
11771.591797
11862.996094
11915.666016
11869.732422
11780.870117
11719.576172
11672.304688
11581.971680
11426.153320
11260.725586
11185.665039
11212.105469
11233.153320
11197.905273
11198.361328
11293.852539
11380.296875
11383.419922
11397.948242
11500.962891
11581.940430
11536.125977
11463.060547
11502.653320
11589.731445
11580.335938
11496.527344
11471.498047
11511.521484
11502.667969
11428.274414
11396.340820
11432.541016
11408.075195
11261.229492
11120.470703
11107.935547
11169.590820
11194.167969
11161.047852
11112.396484
11082.897461
11095.437500
11176.323242
11321.979492
11462.652344
11509.019531
11461.428711
11434.949219
11468.581055
11451.902344
11351.383789
11341.266602
11522.739258
11704.860352
11661.941406
11455.229492
11288.428711
11220.180664
11185.638672
11145.111328
11086.070312
11006.956055
10979.626953
11105.147461
11360.744141
11599.856445
11726.359375
11771.936523
11765.083984
11676.888672
11566.838867
11606.632812
11829.780273
12072.383789
12229.574219
12355.150391
12426.215820
12317.369141
12095.699219
11997.801758
12095.851562
12195.644531
12122.398438
11946.392578
11882.230469
12025.362305
12214.290039
12259.866211
12244.494141
12349.697266
12485.479492
12413.805664
12193.615234
12139.330078
12327.221680
12527.191406
12605.621094
12676.949219
12826.603516
12946.093750
12924.827148
12831.839844
12827.384766
12957.598633
13090.055664
13096.327148
13028.120117
13033.814453
13121.892578
13188.179688
13206.885742
13247.232422
13331.059570
13412.670898
13474.281250
13508.730469
13473.564453
13360.869141
13260.579102
13265.684570
13327.810547
13279.401367
13069.569336
12874.569336
12893.190430
13048.056641
13083.855469
12958.920898
12906.747070
13023.842773
13103.019531
12968.239258
12715.760742
12492.661133
12345.213867
12275.794922
12235.501953
12075.228516
11767.004883
11552.168945
11622.333984
11805.881836
11806.199219
11632.800781
11542.784180
11624.490234
11711.634766
11712.041016
11746.541992
11876.183594
11918.106445
11732.255859
11530.868164
11594.011719
11796.442383
11798.862305
11641.058594
11701.314453
12057.679688
12338.511719
12309.253906
12191.651367
12226.672852
12319.944336
12309.474609
12263.068359
12285.441406
12293.151367
12194.800781
12085.984375
12071.896484
12109.744141
12142.869141
12180.019531
12188.916016
12099.687500
11931.163086
11765.936523
11644.587891
11585.049805
11595.131836
11597.816406
11494.821289
11338.014648
11279.959961
11342.784180
11390.829102
11336.194336
11236.063477
11174.810547
11149.372070
11096.068359
10995.413086
10910.148438
10889.148438
10875.119141
10776.038086
10614.887695
10480.762695
10381.324219
10256.934570
10113.506836
10013.689453
9965.355469
9930.757812
9917.442383
9944.053711
9963.898438
9936.844727
9916.083008
9985.860352
10143.395508
10296.482422
10352.728516
10308.711914
10241.304688
10211.086914
10182.061523
10115.737305
10063.713867
10093.899414
10180.102539
10246.347656
10266.636719
10261.350586
10243.555664
10234.670898
10255.708008
10285.918945
10281.652344
10258.455078
10298.671875
10438.087891
10585.585938
10612.865234
10527.888672
10473.633789
10505.834961
10515.239258
10429.333984
10348.843750
10392.282227
10520.683594
10602.554688
10585.065430
10517.427734
10451.628906
10383.236328
10294.746094
10204.669922
10148.411133
10133.177734
10136.839844
10110.938477
10036.287109
9950.072266
9894.400391
9847.323242
9781.599609
9766.163086
9874.599609
10017.455078
10039.995117
9954.005859
9918.533203
10009.647461
10139.285156
10229.173828
10305.517578
10412.531250
10528.441406
10630.250977
10720.761719
10764.279297
10715.371094
10636.922852
10661.674805
10803.773438
10920.151367
10936.551758
10948.753906
11041.756836
11136.283203
11110.574219
10984.749023
10880.898438
10864.342773
10890.675781
10906.478516
10918.371094
10954.647461
11004.030273
11018.275391
10966.656250
10877.087891
10803.510742
10770.211914
10754.803711
10742.839844
10746.410156
10776.878906
10825.826172
10872.818359
10884.514648
10832.458984
10741.522461
10675.561523
10653.291016
10636.428711
10620.907227
10650.586914
10716.181641
10766.752930
10793.818359
10809.610352
10765.272461
10645.843750
10574.598633
10661.119141
10805.988281
10841.615234
10783.767578
10757.817383
10762.234375
10711.164062
10628.539062
10604.590820
10628.704102
10622.959961
10596.052734
10606.245117
10631.520508
10602.774414
10517.910156
10429.357422
10367.520508
10331.984375
10328.847656
10379.788086
10493.086914
10621.688477
10689.724609
10676.726562
10650.136719
10663.498047
10678.275391
10612.425781
10457.784180
10306.168945
10266.901367
10330.377930
10379.674805
10352.302734
10340.075195
10433.892578
10577.253906
10666.657227
10695.973633
10711.629883
10726.884766
10739.972656
10724.632812
10636.432617
10522.960938
10490.128906
10523.190430
10493.566406
10388.586914
10337.370117
10398.546875
10511.140625
10628.815430
10731.626953
10753.021484
10641.163086
10468.622070
10357.676758
10353.476562
10401.194336
10430.656250
10411.628906
10340.208008
10234.308594
10149.518555
10164.485352
10284.497070
10418.803711
10495.356445
10534.191406
10563.461914
10539.718750
10426.981445
10273.421875
10170.083008
10166.055664
10250.400391
10388.861328
10553.097656
10698.088867
10689.763672
10395.713867
9981.786133
9877.103516
10233.872070
10689.023438
10919.377930
11033.482422
11150.231445
11083.997070
10753.563477
10454.178711
10422.319336
10489.639648
10413.326172
10203.075195
10018.426758
9939.874023
9931.707031
9900.864258
9830.289062
9825.961914
9949.000000
10090.516602
10110.111328
10017.632812
9892.833984
9794.655273
9817.195312
10037.797852
10316.852539
10382.062500
10196.433594
10013.887695
10001.190430
10015.361328
9875.397461
9652.056641
9527.546875
9524.452148
9531.945312
9493.694336
9451.491211
9468.708984
9565.976562
9676.926758
9692.529297
9616.685547
9562.138672
9532.778320
9398.748047
9170.735352
9051.548828
9102.922852
9105.375977
8931.996094
8781.574219
8858.722656
9041.816406
9067.146484
8890.285156
8694.091797
8553.874023
8331.269531
7985.229492
7759.532227
7817.472168
7932.589355
7832.057617
7668.302246
7778.307617
8147.113770
8446.847656
8492.034180
8433.838867
8440.492188
8413.030273
8183.781738
7883.084961
7827.556641
8077.095703
8377.586914
8482.649414
8353.866211
8192.809570
8298.211914
8725.431641
9109.238281
9115.807617
8906.086914
8851.744141
8971.528320
8986.148438
8824.662109
8739.039062
8988.041016
9477.396484
9829.725586
9873.473633
9908.811523
10242.888672
10665.361328
10767.351562
10583.755859
10452.264648
10455.726562
10433.893555
10393.511719
10479.308594
10662.231445
10797.354492
10873.020508
10959.320312
11054.111328
11125.436523
11148.928711
11088.340820
10979.033203
10965.466797
11084.668945
11192.055664
11215.517578
11284.127930
11456.389648
11562.445312
11485.336914
11363.812500
11343.840820
11359.883789
11313.235352
11255.196289
11264.885742
11298.820312
11276.575195
11195.355469
11085.031250
10962.014648
10853.816406
10795.150391
10772.072266
10730.039062
10639.583984
10511.121094
10386.919922
10339.364258
10398.366211
10452.962891
10373.420898
10240.370117
10256.068359
10440.943359
10618.940430
10713.982422
10785.740234
10832.145508
10790.862305
10710.307617
10668.972656
10631.144531
10572.513672
10615.383789
10805.782227
10950.502930
10894.394531
10744.828125
10655.603516
10598.348633
10509.335938
10427.562500
10390.835938
10392.770508
10440.502930
10493.639648
10461.894531
10371.974609
10402.788086
10606.966797
10775.293945
10716.446289
10506.840820
10343.671875
10301.605469
10354.361328
10502.956055
10745.452148
10984.023438
11091.339844
11049.361328
10960.812500
10934.336914
10989.426758
11102.326172
11248.885742
11342.608398
11294.179688
11119.853516
10948.113281
10855.552734
10815.900391
10797.725586
10806.650391
10822.501953
10784.145508
10647.151367
10431.596680
10212.512695
10074.608398
10043.730469
10039.712891
9963.000000
9846.945312
9813.979492
9851.034180
9793.128906
9602.475586
9482.807617
9553.104492
9634.389648
9547.483398
9377.265625
9279.904297
9229.872070
9132.431641
9004.949219
8917.863281
8872.597656
8812.332031
8714.126953
8623.118164
8590.281250
8598.682617
8595.107422
8578.708008
8584.356445
8611.784180
8631.294922
8621.549805
8570.792969
8486.387695
8420.424805
8410.549805
8405.006836
8344.268555
8266.137695
8246.936523
8278.791016
8287.331055
8243.785156
8172.482422
8098.900391
8027.459961
7956.721191
7887.807617
7848.433594
7886.617676
7984.575195
8028.956055
7944.150391
7811.330078
7739.572266
7702.947266
7617.197266
7505.826172
7456.939941
7493.876465
7578.776367
7664.586914
7695.286133
7626.458008
7498.233398
7431.076660
7497.348145
7617.897949
7655.500977
7596.876465
7545.084473
7542.463867
7522.128418
7443.724609
7348.413574
7256.033691
7165.325195
7124.759277
7157.045410
7167.837891
7083.113770
6971.831543
6897.416016
6807.712402
6672.817871
6572.605957
6566.400391
6614.554199
6689.080078
6802.188477
6900.916992
6892.946289
6817.979980
6807.890137
6843.128906
6771.551758
6612.810059
6584.767090
6782.875977
7048.090820
7199.936035
7215.034180
7159.882812
7102.486816
7095.093750
7150.375977
7226.571289
7257.214355
7226.385254
7216.567871
7304.181152
7443.054199
7536.520996
7581.714844
7639.758301
7705.333984
7716.422852
7662.550293
7598.420898
7566.831055
7565.952637
7564.509766
7529.860840
7456.605957
7380.694336
7338.314453
7305.053711
7233.573242
7134.192871
7079.277344
7110.542969
7180.622070
7210.592773
7174.637207
7124.000000
7106.115723
7099.430176
7048.723145
6965.220703
6924.562500
6960.178711
7014.192871
7029.264160
7039.500977
7097.827637
7153.198730
7112.747070
7015.912109
7005.680664
7107.742188
7191.041016
7184.976562
7178.775391
7235.044922
7258.648438
7160.152344
7038.437012
7052.868652
7186.378418
7267.378906
7213.234863
7136.703613
7185.011719
7317.580078
7359.291992
7272.377441
7226.170410
7334.504883
7490.133301
7550.323242
7529.130371
7514.944336
7526.951172
7544.241211
7557.205078
7573.322754
7593.700195
7598.012695
7545.717773
7430.328125
7327.740234
7312.372559
7348.762695
7337.092285
7262.915527
7201.270020
7180.120117
7141.016602
7046.187988
6961.034180
6971.391602
7053.372070
7086.287109
7013.381348
6921.971191
6915.294922
6959.361816
6949.861328
6869.873535
6783.963379
6721.617676
6682.161133
6716.811035
6858.773438
7003.545410
7004.824219
6884.701172
6795.189941
6782.112305
6744.015137
6643.447266
6582.364746
6626.571777
6697.285645
6681.437988
6569.583008
6450.226074
6399.322266
6408.077148
6405.781738
6341.840820
6230.245605
6128.985840
6086.326172
6103.521484
6131.514648
6114.091309
6045.922363
5979.311035
5956.407227
5954.191895
5917.609375
5838.789062
5779.428223
5789.226562
5837.414062
5850.701172
5799.864746
5716.284668
5642.789551
5606.135254
5630.560547
5717.569824
5805.642578
5808.529297
5731.065918
5670.806641
5680.663086
5711.806152
5727.900391
5763.159668
5829.160645
5874.089355
5881.953125
5899.174316
5922.942871
5884.957520
5778.172363
5680.529785
5637.166504
5626.330078
5629.732422
5649.676270
5665.081543
5651.708984
5635.048828
5660.371582
5724.202637
5782.741699
5812.941406
5823.046875
5820.017090
5796.805176
5760.003418
5737.099121
5746.044922
5768.292480
5761.379883
5714.556641
5661.986328
5632.968750
5619.458984
5611.125977
5613.511230
5617.531738
5612.520508
5626.910156
5689.841797
5769.050781
5812.473633
5812.568848
5780.286621
5721.671387
5668.504883
5654.124512
5650.514648
5608.980957
5552.080078
5531.905273
5514.524902
5439.843750
5367.953613
5395.432617
5458.876953
5407.505371
5265.816406
5203.896484
5249.263184
5254.873047
5160.427734
5062.456543
5019.334473
4987.182617
4949.415039
4952.570312
4991.965332
5011.537598
4997.634766
4994.882812
5009.963867
5004.442383
4958.217285
4897.498047
4862.043457
4858.755371
4859.133301
4835.678711
4800.866699
4781.324219
4776.266113
4766.459961
4753.692871
4750.297363
4749.188965
4731.485352
4702.032715
4687.842773
4696.073730
4698.276367
4666.003418
4609.881348
4567.708984
4563.066895
4590.276367
4628.182129
4653.924805
4656.537598
4649.381348
4654.618164
4663.491211
4644.698730
4599.754395
4567.925293
4562.411133
4550.646973
4516.946777
4492.280762
4502.271973
4526.424316
4530.559082
4514.844727
4504.167969
4505.249023
4497.756348
4473.364746
4454.251465
4451.322754
4440.633789
4403.601074
4361.194336
4338.249023
4327.276367
4317.710449
4320.845215
4337.454590
4336.262695
4300.245117
4258.456543
4242.709961
4239.351562
4219.808594
4194.079102
4196.804199
4229.030273
4256.876953
4267.680176
4281.750977
4303.503418
4311.464355
4303.095703
4297.842285
4293.639648
4273.599609
4250.419434
4252.857910
4274.999512
4283.046875
4267.459473
4254.418945
4264.565430
4287.741211
4306.991211
4326.173828
4351.365723
4361.112305
4325.827148
4251.190430
4184.232910
4165.275391
4192.492188
4229.393555
4244.834961
4244.455078
4255.973633
4282.132324
4289.180664
4261.954590
4237.524414
4259.056152
4321.413086
4388.404297
4433.289551
4449.630859
4447.155273
4447.608887
4459.834473
4477.947266
4497.001465
4513.705078
4514.923828
4500.143555
4495.202637
4512.329590
4522.439941
4500.467285
4471.044434
4469.502930
4486.233887
4487.647461
4477.270020
4484.214844
4502.616211
4492.361328
4446.069336
4404.840332
4395.430664
4394.456055
4374.296387
4347.639160
4343.267090
4364.381348
4391.457520
4406.544922
4404.583008
4389.672363
4373.971191
4372.487305
4386.853027
4393.452637
4370.253418
4330.327148
4309.822754
4313.765625
4307.950195
4276.166016
4250.805176
4261.993164
4290.414551
4303.848145
4310.878906
4334.378906
4358.797363
4350.066406
4316.117188
4297.292969
4300.679199
4289.385254
4247.525391
4207.363281
4193.844727
4187.285156
4166.358887
4143.519043
4132.702148
4123.166016
4109.028809
4103.818359
4109.597656
4106.760254
4087.020752
4066.223145
4058.233643
4058.975342
4056.528564
4044.702148
4026.051025
4003.876953
3976.912842
3947.438477
3927.432617
3924.885254
3925.557617
3916.478516
3921.490234
3963.145020
3998.698975
3963.814209
3894.955811
3907.241455
4029.016846
4146.073730
4156.895508
4096.884766
4061.604980
4077.298584
4093.068848
4068.205811
4022.516357
4001.427246
4010.041016
4012.697998
3990.561279
3957.520996
3929.458496
3908.430176
3900.366211
3906.594482
3911.627197
3911.544189
3927.498779
3961.228516
3972.258301
3939.711182
3906.098877
3918.408691
3954.882812
3963.955078
3944.158936
3937.427979
3954.843994
3964.840088
3949.989258
3927.717285
3912.550781
3896.676514
3877.456787
3872.138672
3888.378662
3908.635010
3917.709717
3922.826416
3930.288086
3923.160645
3880.985107
3817.162109
3778.586182
3797.123291
3844.672852
3859.339600
3820.729736
3774.406982
3766.085449
3781.067139
3778.250488
3757.079834
3747.137207
3752.635742
3751.396240
3742.189941
3740.400879
3743.414795
3733.037598
3710.543701
3699.569092
3707.249512
3713.167236
3697.786133
3663.548340
3624.630859
3591.671631
3568.998291
3554.802979
3543.108398
3527.376221
3509.387939
3500.031494
3507.057129
3517.417725
3507.604980
3480.478027
3467.507812
3481.088379
3486.595459
3457.633545
3424.491211
3426.272217
3438.564697
3417.735840
3390.010742
3415.989746
3483.783691
3522.689209
3515.733154
3509.897949
3519.636475
3504.898438
3455.058105
3422.449219
3446.349121
3498.112793
3532.315186
3546.087402
3557.004639
3564.399414
3563.510498
3565.048828
3574.732178
3587.174805
3611.779053
3658.782715
3705.172852
3718.109619
3707.157715
3708.544434
3729.688477
3745.909180
3740.982910
3722.849609
3704.669922
3691.175293
3682.292969
3675.262207
3666.447021
3657.790039
3655.028320
3661.537354
3676.318604
3696.988037
3715.680908
3720.031006
3709.183594
3700.361328
3706.761230
3718.803467
3722.322754
3719.522217
3717.706299
3711.950195
3694.455322
3675.171143
3669.680664
3675.698242
3679.442627
3674.233398
3657.079346
3624.469482
3586.786865
3566.074219
3567.200684
3573.009766
3565.919189
3541.816650
3508.210693
3484.179932
3488.771729
3515.819092
3536.874023
3536.547119
3533.206055
3547.920898
3569.928711
3565.145996
3520.814697
3465.490479
3434.883545
3430.275635
3427.395752
3416.248291
3411.193115
3422.594727
3443.689453
3459.064209
3456.798584
3437.984619
3419.623291
3414.700928
3418.534668
3421.077881
3423.595947
3426.972900
3424.057617
3418.036377
3423.576660
3440.004639
3451.372559
3453.906494
3456.566406
3457.775146
3448.786133
3432.552002
3417.925537
3407.067139
3407.895508
3435.999756
3482.883301
3505.360840
3477.153076
3429.375977
3407.724121
3413.331299
3419.526123
3423.945068
3444.376465
3472.595459
3476.285889
3445.309814
3405.995850
3379.343750
3355.976318
3318.187500
3269.592529
3228.430420
3206.695312
3199.387451
3191.595459
3177.918945
3172.324951
3185.171143
3201.044922
3201.911621
3191.671387
3183.124512
3180.441406
3181.018066
3178.180908
3162.138184
3136.563965
3116.536133
3103.452637
3088.381836
3076.412109
3073.733154
3068.826660
3055.498291
3050.401367
3063.149170
3078.030273
3080.831055
3078.909424
3081.515869
3080.874756
3066.598877
3052.539795
3067.499023
3120.662354
3188.942139
3240.978516
3258.860840
3241.580566
3209.245605
3194.713379
3212.537842
3238.212402
3244.305664
3235.114014
3234.969482
3255.019287
3286.395264
3311.042236
3320.414062
3321.138916
3322.924316
3322.193115
3316.720703
3317.041016
3324.881348
3321.897949
3295.693604
3259.610840
3232.537109
3222.403564
3226.970703
3230.243164
3210.354492
3171.666992
3153.368896
3178.121338
3216.666992
3232.434326
3228.306885
3220.279785
3201.248779
3167.018799
3140.545654
3144.298584
3175.089844
3217.832031
3259.429443
3290.246826
3300.641113
3280.942139
3237.258301
3211.703857
3247.599854
3322.673584
3368.475342
3367.814941
3369.354736
3399.792236
3430.394043
3438.500488
3438.843018
3446.566650
3459.128906
3476.616211
3498.820801
3511.965088
3502.757324
3480.066650
3463.658203
3466.037842
3482.759277
3491.060547
3475.377197
3456.225586
3464.475586
3488.132080
3490.431152
3473.017578
3467.724609
3477.673584
3475.972168
3448.917725
3409.354004
3378.519043
3371.098877
3378.051270
3376.415283
3367.557617
3372.074707
3379.313232
3355.737305
3310.266602
3289.643066
3310.369629
3343.593262
3361.273193
3365.110352
3374.534668
3404.126709
3440.871094
3449.943604
3415.748535
3361.389160
3317.168457
3295.601562
3298.475098
3317.321289
3338.241211
3358.881348
3383.621338
3400.450684
3394.164795
3376.991211
3364.266602
3351.537842
3336.480469
3338.147705
3367.134521
3408.239746
3435.499756
3432.035156
3404.700928
3392.060547
3416.410889
3438.041260
3407.550293
3352.342529
3344.625244
3396.209961
3458.717285
3503.807373
3538.091553
3555.577881
3542.376953
3506.489258
3471.769531
3448.947266
3437.321777
3440.815186
3462.495361
3492.330566
3514.642822
3527.623291
3544.894043
3575.861084
3611.867920
3640.634033
3656.095215
3653.020264
3635.671631
3627.882568
3639.006592
3635.961182
3590.198242
3534.431152
3519.678223
3537.621094
3534.855713
3494.420654
3454.673584
3447.625000
3459.694580
3460.732666
3445.804688
3429.758301
3416.519287
3396.479492
3364.617432
3324.247559
3288.189697
3282.248779
3315.455322
3356.943848
3378.767334
3396.265625
3420.207764
3421.246582
3394.596924
3388.978516
3417.384033
3426.909912
3400.879150
3396.475830
3448.156982
3520.953613
3575.792725
3614.723145
3650.074219
3677.098877
3683.442383
3673.072266
3673.255615
3698.268555
3717.330566
3697.093262
3665.994873
3682.557617
3743.272949
3784.094727
3777.198975
3768.989990
3800.567627
3848.710205
3865.924561
3851.068604
3838.356201
3839.374023
3833.292969
3808.600098
3771.716797
3726.037354
3678.983887
3650.495850
3643.089844
3627.663818
3601.897705
3610.333496
3670.368408
3729.029297
3739.323975
3718.071289
3696.166992
3665.352539
3615.358643
3569.227783
3558.067627
3582.280029
3624.841797
3677.888184
3736.945557
3784.608887
3800.367676
3782.437012
3753.126709
3731.020752
3711.188477
3693.211426
3699.419189
3739.064453
3787.137451
3818.000977
3839.972656
3866.291748
3886.660400
3892.151123
3898.559326
3924.754883
3962.498291
3982.851074
3965.777100
3924.265381
3893.286621
3899.667969
3939.856445
3974.077393
3949.732910
3869.895020
3815.375977
3845.214844
3912.245117
3944.729980
3949.190430
3962.287842
3974.707031
3975.038086
3994.439209
4043.372559
4076.492188
4066.115479
4045.868896
4059.777588
4102.750488
4132.892090
4130.342285
4122.056152
4135.548340
4156.473145
4160.984375
4157.972168
4162.127441
4160.593262
4138.625000
4101.270996
4056.050537
4014.103027
3999.643555
4015.055664
4026.657471
4008.921143
3976.763184
3946.805420
3922.141357
3908.586426
3910.294678
3905.731689
3874.090820
3838.322754
3838.252930
3863.464355
3857.163330
3797.070068
3741.387451
3754.724365
3813.124756
3838.834473
3808.031738
3762.878906
3732.258789
3700.610596
3656.685303
3621.333496
3618.406494
3644.045898
3667.368896
3664.226074
3643.678223
3627.620850
3608.560791
3565.018066
3514.638428
3500.404541
3521.224609
3530.111816
3511.555664
3503.929443
3535.831543
3589.696289
3631.519287
3644.460938
3627.042480
3590.596924
3559.059326
3553.118164
3563.289307
3562.034912
3547.687500
3552.266846
3590.338379
3634.690430
3654.651123
3648.894043
3628.964111
3609.587402
3613.151123
3644.185791
3665.923096
3642.814453
3592.194580
3558.255371
3550.780029
3543.989990
3523.956543
3500.590332
3481.159180
3463.440918
3448.154053
3433.971436
3413.697021
3386.601807
3366.732910
3363.147217
3368.342285
3366.966309
3348.468994
3315.700439
3292.489502
3306.575928
3349.972656
3374.988770
3352.984131
3317.295654
3314.442871
3336.452881
3349.548584
3360.189453
3394.772949
3439.658691
3460.968506
3457.966553
3452.454834
3454.110107
3469.280273
3506.715332
3549.625977
3564.774658
3542.495117
3501.631592
3457.080322
3420.316895
3407.963623
3415.747314
3409.870117
3372.074707
3327.262207
3303.259766
3284.859131
3246.083008
3198.390625
3172.655762
3170.057129
3167.799561
3161.383789
3166.220459
3181.694092
3182.328369
3150.283447
3100.980713
3063.561279
3046.244873
3034.611328
3019.731445
3008.767090
3004.847412
3001.524414
3030.404541
3128.495605
3158.915527
2990.313232
2966.178711
3394.044189
3510.364990
2637.112061
2289.282471
4178.905273
6329.106445
5572.320312
3692.524170
5315.894043
9526.498047
10211.455078
5877.201660
2682.208252
5357.628418
10172.356445
10344.469727
5616.527832
2702.366943
5799.458984
10835.847656
10923.597656
5869.400391
2699.943359
5834.854980
10962.124023
10999.281250
5859.750977
2664.068115
5780.885254
10896.485352
10973.907227
5868.037109
2665.988525
5815.272461
11013.030273
11088.306641
5873.935059
2634.437500
5886.470215
11155.949219
11136.934570
5774.864258
2503.543213
5839.399902
11182.560547
11165.992188
5767.189453
2446.487305
5725.273438
11047.635742
11056.258789
5662.767090
2395.273682
5838.231934
11044.838867
10463.714844
5014.829102
2862.972168
6760.822266
10082.060547
7441.519043
2527.264160
1514.014648
3508.240479
3554.955078
1658.654907
2553.274902
7047.493164
9332.891602
